train_size,train_time,Avg mse,Avg mse dim 1,Avg mse dim 2,Avg mse dim 3,Avg mse dim 4
5,15.216,2.9948754212066976e-06,7.326498197655894e-07,2.4912988377447576e-06,2.4880205021915863e-06,6.267532525124856e-06
10,23.276,1.399955179592411e-06,6.182129006396887e-07,8.427947610428944e-07,1.6079115167852975e-06,2.5309015399017635e-06
25,42.298,8.83907999323921e-07,2.5247649144645674e-07,6.446225646783395e-07,6.548121134717089e-07,1.983720827699179e-06
50,73.412,3.910538598655834e-06,1.5097450639249295e-06,2.7234436897760385e-06,4.04617839038535e-06,7.362787250537015e-06
75,103.84,1.1053102356424758e-06,5.421289706239943e-07,6.590840109993395e-07,1.4729366570284845e-06,1.7470913039180855e-06
100,134.293,1.126679093493512e-06,5.51927875886807e-07,6.724381843472399e-07,1.5002037523670333e-06,1.7821465613729677e-06
125,164.656,4.636440077033783e-06,1.2281513306236388e-06,3.6164044581480623e-06,4.6074183069321244e-06,9.093786212431305e-06
150,195.186,1.7154641912103828e-06,4.593142872652766e-07,1.3030298655510833e-06,1.4136351370566614e-06,3.6858774749685106e-06
175,227.395,5.376152014197393e-07,3.726220136024886e-07,2.5256200526710284e-07,6.766557532468146e-07,8.486210335625511e-07
200,260.389,6.042785333230903e-07,3.5792453462475615e-07,3.219532751286264e-07,7.93419414189703e-07,9.438169093492752e-07

samp_period,train_time,Avg mse,Avg mse dim 1,Avg mse dim 2,Avg mse dim 3,Avg mse dim 4
0.01,224.589,inf,inf,inf,inf,inf
0.025,54.229,11.209868949938791,24.529130969365188,0.026486373059290993,20.23468583520077,0.049172622129913725
0.05,34.023,0.059946020341320294,0.0863086401505509,0.00965878351737796,0.11526179790300717,0.028554859794345158
0.1,23.915,1.399955179592411e-06,6.182129006396887e-07,8.427947610428944e-07,1.6079115167852975e-06,2.5309015399017635e-06
0.2,16.476,0.00014420200354975021,6.642697836801177e-05,9.606958142671465e-05,0.00016373069405530867,0.00025058076034896573
0.25,12.9,10.674417654694526,19.610316440117835,0.021179113147613404,22.99701548501163,0.06915958050102301
0.5,9.304,5.1871915311733495e-08,1.9872173591597933e-08,3.339573806381336e-08,8.128017334589857e-08,7.293957624562412e-08
1,5.769,1.6986095002475845e-07,1.399100444325166e-07,1.3133601431858804e-08,4.7124328568589333e-07,5.515686854876503e-08
2,3.314,15.276410651130018,37.4966914374471,0.005899222592861949,23.574506381032823,0.028545563447292404

obs_type,train_time,Avg mse,Avg mse dim 1,Avg mse dim 2,Avg mse dim 3,Avg mse dim 4
rff,23.544,1.399955179592411e-06,6.182129006396887e-07,8.427947610428944e-07,1.6079115167852975e-06,2.5309015399017635e-06
quadratic,1.357,16.304422966382816,42.25329308690857,0.023242978780373943,22.87054944077929,0.07060635906304309
id,0.293,18.640764969386503,50.09183426089509,0.023052565516830544,24.374029985750447,0.07414306538363456

opt,train_time,Avg mse,Avg mse dim 1,Avg mse dim 2,Avg mse dim 3,Avg mse dim 4
grid,23.368,1.399955179592411e-06,6.182129006396887e-07,8.427947610428944e-07,1.6079115167852975e-06,2.5309015399017635e-06
monte-carlo,185.211,9.635186207714371e-07,9.66635653095777e-07,2.492927995706582e-07,1.8363230904345438e-06,8.018229399847696e-07

n_obs,train_time,Avg mse,Avg mse dim 1,Avg mse dim 2,Avg mse dim 3,Avg mse dim 4
5,3.958,0.24598449783613072,0.3700031599068431,0.008300587530032414,0.5739477395963007,0.0316865043113466
10,4.128,24.782987606659226,70.45297817561925,0.02877888771254573,28.562183208609657,0.0880101546954481
25,4.963,9.732396701108634,15.935651319845446,0.023517090502815443,22.89708157910098,0.07333681498529397
50,6.844,0.00018195188991138438,0.00010497140781958234,0.00011445915163211033,0.00022557026207165387,0.00028280673812219095
100,13.064,5.2299564930610174e-05,8.513668382819084e-06,3.5422080788810816e-05,3.485435759001723e-05,0.00013040815296079357
200,23.406,1.399955179592411e-06,6.182129006396887e-07,8.427947610428944e-07,1.6079115167852975e-06,2.5309015399017635e-06
300,34.033,5.726631665921519e-05,2.137945556979008e-05,3.9014878386928206e-05,5.364647024063031e-05,0.0001150244624395122
400,46.015,2.3927678207946557e-06,9.375766311469835e-07,1.5521623680759897e-06,2.5482339514547843e-06,4.533098332500865e-06
500,52.257,8.89866971309559e-06,3.223909633189003e-06,6.6604435675934406e-06,6.597860078165251e-06,1.9112465573434662e-05
1000,105.258,1.6258784260263496e-06,5.948003983881527e-07,9.726955181170723e-07,1.8524143533092023e-06,3.0836034342909715e-06

grid_param_slices,train_time,Avg mse,Avg mse dim 1,Avg mse dim 2,Avg mse dim 3,Avg mse dim 4
5,23.585,1.399955179592411e-06,6.182129006396887e-07,8.427947610428944e-07,1.6079115167852975e-06,2.5309015399017635e-06
10,46.674,6.792077931774965e-06,5.463601870233758e-06,2.5543805872426873e-06,1.1375277542518338e-05,7.77505172710508e-06
25,116.378,1.1269120306914599e-06,6.787699234543437e-07,5.605855607121106e-07,1.5898772820744656e-06,1.6784153565249198e-06
50,232.299,3.1691680572921067e-06,1.053587774563133e-06,2.467186161694274e-06,1.7266030940557722e-06,7.429295198855247e-06
100,463.1,4.4771245571056137e-07,1.9130541637699894e-07,2.55301388153414e-07,3.9618453690356047e-07,9.480584814082721e-07

n_splits,train_time,Avg mse,Avg mse dim 1,Avg mse dim 2,Avg mse dim 3,Avg mse dim 4
2,9.232,3.959949412052141e-05,2.9706647538766924e-06,3.8363880791777104e-05,1.63831861130894e-05,0.00010068024482334244
5,23.398,1.399955179592411e-06,6.182129006396887e-07,8.427947610428944e-07,1.6079115167852975e-06,2.5309015399017635e-06
10,46.801,1.2759928188338594e-06,1.0641024657818898e-06,4.907437361038182e-07,2.201931276950478e-06,1.347193796499252e-06

rank,train_time,Avg mse,Avg mse dim 1,Avg mse dim 2,Avg mse dim 3,Avg mse dim 4
"(1, 200, 40)",23.455,1.399955179592411e-06,6.182129006396887e-07,8.427947610428944e-07,1.6079115167852975e-06,2.5309015399017635e-06

