train_size,train_time,Avg mse,Avg mse dim 1,Avg mse dim 2,Avg mse dim 3,Avg mse dim 4
5,7.274,7.4431603278559335e-06,3.3238430852670883e-06,4.205869686232315e-06,7.650622559656198e-06,1.4592305980268134e-05
10,13.293,2.7354597418870797e-06,1.2427482660342836e-06,1.8867118064744089e-06,2.763946553189209e-06,5.048432341850419e-06
25,26.066,1.0676130456797767e-06,3.868390449026444e-07,7.036371628136467e-07,1.2142098303685608e-06,1.965766144634255e-06
50,51.456,5.482217056497973e-07,4.1838011091735695e-07,2.593625411454228e-07,6.733994462852426e-07,8.417447242511667e-07
75,73.076,9.972512035224578e-07,2.262969861337227e-07,8.126358140533984e-07,3.2761420249686524e-07,2.622457811405845e-06
100,97.59,1.0386547899456268e-06,1.7881693301079806e-07,8.793537262930739e-07,2.6624769275857416e-07,2.830200807720061e-06
125,119.272,2.330623752682634e-07,1.5346080684886123e-07,1.148905727601132e-07,3.3595610023213657e-07,3.2794202123194264e-07
150,139.32,2.2541471595321965e-06,1.1194425578816738e-06,1.4365059287902263e-06,2.7871153215242337e-06,3.673524829932652e-06
175,162.965,4.818247400310573e-07,2.8664695179072537e-07,2.4368205609382003e-07,6.503086267674675e-07,7.466613254722162e-07
200,187.295,2.316383296251846e-07,1.2520291228151191e-07,1.224799224689587e-07,2.922890665942356e-07,3.8658141715603217e-07

samp_period,train_time,Avg mse,Avg mse dim 1,Avg mse dim 2,Avg mse dim 3,Avg mse dim 4
0.01,85.051,16.45167948507481,23.444655259133665,0.08189596145143084,42.008646732768035,0.2715199869461025
0.025,36.075,9.73895993882634,15.94432358830078,0.02359018523518067,22.91422905665215,0.0736969251172534
0.05,19.707,14.923372328835637,19.897379054880698,0.020660668515506055,39.72399863592492,0.051450956021423896
0.08,13.6,9.756661725090947,16.036414095322137,0.023614534507137155,22.892886644410236,0.07373162612427867
0.1,12.14,2.7354597418870797e-06,1.2427482660342836e-06,1.8867118064744089e-06,2.763946553189209e-06,5.048432341850419e-06
0.2,7.475,9.741562842575782,15.893534630558783,0.02371701908689272,22.97614421238452,0.07285550827293237
0.25,5.64,9.872286302286845,16.348658411082653,0.023775360610883457,23.044333726807274,0.07237771064657114
0.5,3.646,17.076012715249213,22.787096920568274,0.02544175083995294,45.405433590865506,0.0860785987231183
1,2.09,18.64821004968215,44.518571111882366,0.026889842483375663,29.938143733909836,0.10923551045301963
2,1.574,16.147290115549655,41.49782433521475,0.023746221447940356,22.995373760907864,0.07221614462806734

obs_type,train_time,Avg mse,Avg mse dim 1,Avg mse dim 2,Avg mse dim 3,Avg mse dim 4
rff,11.643,2.7354597418870797e-06,1.2427482660342836e-06,1.8867118064744089e-06,2.763946553189209e-06,5.048432341850419e-06
quadratic,0.945,18.68130531869773

opt,train_time,Avg mse,Avg mse dim 1,Avg mse dim 2,Avg mse dim 3,Avg mse dim 4
grid,11.519,2.7354597418870797e-06,1.2427482660342836e-06,1.8867118064744089e-06,2.763946553189209e-06,5.048432341850419e-06
monte-carlo,95.482,6.806982401221331e-07,3.2518228920776034e-07,3.1599302825520593e-07,1.055534037990426e-06,1.0260836050351402e-06

n_obs,train_time,Avg mse,Avg mse dim 1,Avg mse dim 2,Avg mse dim 3,Avg mse dim 4
5,3.407,0.2417430701166198,0.36303568359301625,0.008167468449377706,0.5646784278966429,0.031090700527442356
10,3.48,22.5727589705857,62.176179363335564,0.026411237496229468,28.009779373856336,0.07866590765468362
25,3.91,155197058350099.53,15576765341551.83,28095154254481.914,402012565309085.56,175103748495278.84
50,4.939,0.00011925574398782092,6.943574958404262e-05,7.518339687484656e-05,0.00014765239031757065,0.0001847514391748238
100,7.311,0.00013438016762107349,1.6584158855665448e-05,9.577799501268946e-05,7.476032633285335e-05,0.00035039819028308565
200,11.611,2.7354597418870797e-06,1.2427482660342836e-06,1.8867118064744089e-06,2.763946553189209e-06,5.048432341850419e-06
300,16.525,2.2584636210315923e-06,6.005140335546536e-07,2.055069893505455e-06,1.3852716004939464e-06,4.992998956572314e-06
400,22.159,5.210460508410128e-07,2.1869890659335886e-07,2.5861928945810055e-07,6.164639063298837e-07,9.904021009827082e-07
500,24.981,4.530497558350742e-07,2.974495704894699e-07,2.5539583998065776e-07,5.557261499129347e-07,7.036274629572345e-07
1000,51.215,4.67358557664149e-06,2.3997879403636526e-06,2.4765830947308704e-06,6.416631242702217e-06,7.4013400287692225e-06

