train_size,train_time,Avg mse,Avg mse dim 1,Avg mse dim 2
5,8.257,3.0048535048218226e-05
10,15.368,0.00023450228371620375,4.565719866603732e-05,1.4439871430399129e-05
25,32.557,1.652626854908616e-05,0.00034253434698245294,0.00012647022044995446
50,60.022,6.763409157972499e-06,2.375075401563113e-05,9.301783082541189e-06
75,79.046,3.041130950976817e-06,1.0376676630664857e-05,3.1501416852801405e-06
100,94.591,6.5324608538149e-06,4.61855490808248e-06,1.4637069938711536e-06
125,117.859,5.787366709914909e-06,1.0325494720409731e-05,2.7394269872200695e-06
150,140.543,6.100920472302794e-06,6.659274163525067e-06,4.915459256304752e-06
175,164.246,6.425454470967466e-06,7.773037621718119e-06,4.428803322887472e-06

samp_period,train_time,Avg mse,Avg mse dim 1,Avg mse dim 2
0.01,85.002,2.0768611427575436,3.318489531973985,0.8352327535411026
0.025,35.869,2.0795856394527767,3.324547475741287,0.8346238031642671
0.05,19.418,2.0820568013560994,3.3303435043276295,0.83377009838457
0.08,13.199,3.0048535048218226e-05
0.1,11.187,2.043007268954096,4.565719866603732e-05,1.4439871430399129e-05
0.2,6.8,2.175063320584009,3.2532935025110823,0.8327210353971104
0.25,5.166,2.5485756165378497,2.9124655876525254,1.4376610535154921
0.5,3.498,2.5634517371820102,3.495860720670425,1.6012905124052743
1,2.13,2.5591309921784546,3.533410746503802,1.593492727860219

obs_type,train_time,Avg mse,Avg mse dim 1,Avg mse dim 2
rff,11.234,3.0048535048218226e-05,4.565719866603732e-05,1.4439871430399129e-05
quadratic,0.597,0.19170763517171427,0.2912154765068383,0.09219979383659026
id,0.143,0.3579369031399793,0.5688910000565551,0.14698280622340354

opt,train_time,Avg mse,Avg mse dim 1,Avg mse dim 2
grid,11.171,3.0048535048218226e-05,4.565719866603732e-05,1.4439871430399129e-05
monte-carlo,92.07,1.7693426649915377e-05,2.8541653377784195e-05,6.845199922046557e-06

n_obs,train_time,Avg mse,Avg mse dim 1,Avg mse dim 2
5,3.435,0.13397977972090314,0.21172161525424338,0.05623794418756293
10,3.494,0.0008785995566040734,0.0013498400338757999,0.00040735907933234656
25,3.913,4.178669516269229e-06,6.132375704591449e-06,2.2249633279470086e-06
50,4.854,0.00013491067632415873,0.00019049276588428696,7.932858676403054e-05
100,7.049,7.641206939221238e-05,0.00011961464678349879,3.320949200092599e-05
200,11.108,3.0048535048218226e-05,4.565719866603732e-05,1.4439871430399129e-05
300,15.661,2.8005972068404798e-05,4.341469039285908e-05,1.2597253743950512e-05
400,20.962,1.9673405847793472e-05,2.9472181038145997e-05,9.874630657440947e-06
500,23.038,6.219379408378434e-06,9.60849100659669e-06,2.8302678101601787e-06
1000,47.075,0.037547616665775614,0.039762768352657414,0.035332464978893814

grid_param_slices,train_time,Avg mse,Avg mse dim 1,Avg mse dim 2
5,11.184,3.0048535048218226e-05,4.565719866603732e-05,1.4439871430399129e-05
10,22.604,0.016115686610100006,0.021539369080601792,0.010692004139598218
25,57.099,5.369095579340887e-05,8.012287538600308e-05,2.72590362008147e-05
50,114.606,3.567005263525443e-05,5.123050421139225e-05,2.0109601059116612e-05
100,228.937,5.012453033844023e-05,6.725764544761315e-05,3.299141522926732e-05

n_splits,train_time,Avg mse,Avg mse dim 1,Avg mse dim 2
2,3.911,0.021030723030650664,0.03542647157703762,0.00663497448426371
5,11.099,3.0048535048218226e-05,4.565719866603732e-05,1.4439871430399129e-05
10,23.348,0.00011292304276757221,0.00018099744837244346,4.484863716270095e-05

rank,train_time,Avg mse,Avg mse dim 1,Avg mse dim 2
"(1, 200, 40)",11.171,3.0048535048218226e-05,4.565719866603732e-05,1.4439871430399129e-05

