train_size,train_time,Avg mse,Avg mse dim 1,Avg mse dim 2,Avg mse dim 3,Avg mse dim 4,Avg mse dim 5,Avg mse dim 6,Avg mse dim 7
5,6.859,0.00023742790252526447,6.379404669105989e-05,0.00014547691957860121,2.6664182056442144e-05,0.001315039902524703,0.00010577476558837299,1.4241016367331907e-06,3.8213996009385165e-06
10,11.828,9.876691509551963e-07,2.2276438148253556e-07,2.608713066977192e-07,1.393263006076297e-07,5.707831161161834e-06,4.6226431859292503e-07,2.020782111805543e-09,1.186058060319256e-07
25,25.995,1.2061637092891053e-07,2.5482541821494156e-08,5.122787346500454e-08,1.4122301362403851e-08,6.959686754243479e-07,5.302408813083373e-08,3.344087451765573e-10,4.154707553113019e-09
50,49.427,1.6764096247237885e-07,3.683530515151502e-08,8.222709460815704e-08,1.9422319996381614e-08,9.454193929750919e-07,8.582761488908118e-08,4.1297499255178345e-10,3.3420346938732466e-09
75,72.342,3.221088509918104e-08,6.502306062477346e-09,3.1781840173249315e-08,3.8793716407279296e-09,1.5868152055333203e-07,2.3291692152574876e-08,1.166235330485326e-10,1.2228415788573016e-09
100,96.502,1.949219103529774e-08,3.1809203890666802e-09,2.592920195170186e-08,1.9665347066287017e-09,8.472293131717973e-08,1.9821769512935452e-08,6.348620198155034e-11,7.604931675902009e-10
125,120.208,1.2854106698320138e-08,2.0265147587995434e-09,2.2521943908436576e-08,1.3756338724038022e-09,4.801866980752827e-08,1.5304862785944256e-08,6.169511922434443e-11,6.694266359041746e-10
150,143.651,2.5005891248481414e-08,4.602800869497324e-09,2.6044329989849833e-08,2.930210026648308e-09,1.1981504717570918e-07,2.0528246312315116e-08,7.1837887241426e-11,1.0487664781087122e-09
175,168.228,1.1817556382801371e-08,1.7387146772851825e-09,2.2692315769089677e-08,1.0375529846745275e-09,4.1025128478240446e-08,1.5634007787869686e-08,6.137411415242541e-11,5.338008682976523e-10
200,193.676,1.1308089910370122e-08,1.6990273859809522e-09,2.267674440336329e-08,1.1406248403828562e-09,3.644109234457886e-08,1.6484124830876542e-08,6.85056539461299e-11,6.465099134622406e-10

samp_period,train_time,Avg mse,Avg mse dim 1,Avg mse dim 2,Avg mse dim 3,Avg mse dim 4,Avg mse dim 5,Avg mse dim 6,Avg mse dim 7
0.01,87.233,0.11723918547094937,0.08756803683104539,0.12488500966667176,0.05153553264568409,0.5127464345529328,0.03852252200591866,0.0008774624782791358,0.004539300116113731
0.025,36.961,0.39474181082584525,0.26680239196567906,0.3916301493859477,0.1457486806466954,1.8293625194417646,0.1137944981988846,0.0027431603501939655,0.013111275791751175
0.05,20.242,0.1173164357800402,0.08750151284617746,0.12487673664268312,0.051508376534735535,0.5133732192753007,0.038529723575484,0.0008771911904006207,0.004548290395499906
0.08,13.957,0.042797942083908205,0.01963257795945907,0.013846262109477949,0.008996551205495678,0.25097685073040216,0.0046725498899998896,0.00020270678031925464,0.0012580959122034405
0.1,12.006,9.876691509551963e-07,2.2276438148253556e-07,2.608713066977192e-07,1.393263006076297e-07,5.707831161161834e-06,4.6226431859292503e-07,2.020782111805543e-09,1.186058060319256e-07
0.2,7.407,0.17080136361289952,0.08213426812329441,0.07266140186341583,0.038032705194393564,0.9751401813186302,0.021908368921845032,0.0008314041606838252,0.004901215708033927
0.25,5.823,0.19144612403670172,0.09578276134465807,0.09199190988177758,0.046350006047810054,1.071742956891753,0.027680826691598426,0.0009617467597151461,0.005612660639599874
0.5,3.725,0.1953308307390041,0.10250268918056603,0.11774487963568048,0.05987204420203379,1.0447220496529903,0.03463940971494194,0.0010097811168396338,0.006824961669976588
1,2.207,0.16979973719495456,0.08870813361077455,0.12207644137628033,0.05894117173423709,0.8754221256232477,0.03590662609348412,0.0008464829522645138,0.006697178974393429
2,1.622,7.730435430633746e+30,2.7009512199898997e+29,2.2844799186004493e+30,3.271668383089341e+29,5.089048450462035e+31,1.6385372227765643e+29,5.893289205550985e+27,1.710746194242879e+29

obs_type,train_time,Avg mse,Avg mse dim 1,Avg mse dim 2,Avg mse dim 3,Avg mse dim 4,Avg mse dim 5,Avg mse dim 6,Avg mse dim 7
rff,11.902,9.876691509551963e-07,2.2276438148253556e-07,2.608713066977192e-07,1.393263006076297e-07,5.707831161161834e-06,4.6226431859292503e-07,2.020782111805543e-09,1.186058060319256e-07
quadratic,1.759,8.299304813401732e-06,1.9801327650083704e-06,3.0468918144087164e-06,1.2481557855164425e-06,4.7540515756036216e-05,3.852726674574278e-06,2.005658297053893e-08,4.0665431529756065e-07
id,0.171,0.006098622232993761,0.0027467922383149533,0.001296229859259872,0.0015534287805672865,0.03611639091655398,0.000655732061940886,2.4579721717706434e-05,0.0002972020526016504

opt,train_time,Avg mse,Avg mse dim 1,Avg mse dim 2,Avg mse dim 3,Avg mse dim 4,Avg mse dim 5,Avg mse dim 6,Avg mse dim 7
grid,11.917,9.876691509551963e-07,2.2276438148253556e-07,2.608713066977192e-07,1.393263006076297e-07,5.707831161161834e-06,4.6226431859292503e-07,2.020782111805543e-09,1.186058060319256e-07
monte-carlo,98.316,5.873459182299449e-07,1.6039069112201027e-07,2.2031009419022035e-07,8.172112460137209e-08,3.2147670957529834e-06,2.1142072180739532e-07,1.6340832463992237e-09,2.21177616889234e-07

n_obs,train_time,Avg mse,Avg mse dim 1,Avg mse dim 2,Avg mse dim 3,Avg mse dim 4,Avg mse dim 5,Avg mse dim 6,Avg mse dim 7
5,3.487,0.0046113286111741664,0.0008915790472912216,0.0003942925381792965,0.00044194645353839735,0.030328430062623365,0.0001658872816499394,8.227580298210635e-06,4.8937314638737356e-05
10,3.594,3.520127015750152e-05,1.3332017384493734e-05,7.822080046339605e-06,6.53242916952578e-06,0.0002128575232801706,3.9568928107441686e-06,1.2352838662719747e-07,1.784420024609513e-06
25,4.054,8.888644554511437e-07,2.951465088270563e-07,4.465398939227523e-07,2.0467102729359442e-07,4.993534329637129e-06,2.0989521160632017e-07,2.753295088475787e-09,6.951092178267958e-08
50,5.08,4.1066870501517573e-07,2.3284777706438737e-07,1.841045090572906e-07,1.2932166289771327e-07,1.907187412720419e-06,1.8945141981299528e-07,2.4236960849742925e-09,2.2934445746845036e-07
100,7.458,3.763285551356534e-07,1.0787021642520989e-07,1.0997858580537647e-07,6.572320427594989e-08,2.0987030981137116e-06,1.0282081790281532e-07,1.178518355758551e-09,1.4802544507075206e-07
200,11.866,9.876691509551963e-07,2.2276438148253556e-07,2.608713066977192e-07,1.393263006076297e-07,5.707831161161834e-06,4.6226431859292503e-07,2.020782111805543e-09,1.186058060319256e-07
300,16.971,5.638556426880774e-07,1.2193207625561696e-07,1.9911535850652183e-07,7.028332086215113e-08,3.214800247511434e-06,2.591027241226911e-07,1.3337149356339298e-09,8.042205662249368e-08
400,22.739,6.705743023094955e-07,1.6878608110661526e-07,2.3291653272190447e-07,8.992714434468723e-08,3.878912105966428e-06,1.8034483528191644e-07,1.7275051699824379e-09,1.414059115749349e-07
500,25.753,2.999630307728771e-07,6.693667103587346e-08,7.88432171330087e-08,3.794332102736667e-08,1.8208594283675774e-06,6.845322082108768e-08,7.472305095875393e-10,2.5958126515638037e-08
1000,51.274,5.565011923132319e-07,1.205965994457135e-07,2.0446985895803568e-07,6.470545945648693e-08,3.1149060911136475e-06,2.0213045013268362e-07,1.2222079740221752e-09,1.8747767911203457e-07

grid_param_slices,train_time,Avg mse,Avg mse dim 1,Avg mse dim 2,Avg mse dim 3,Avg mse dim 4,Avg mse dim 5,Avg mse dim 6,Avg mse dim 7
5,11.887,9.876691509551963e-07,2.2276438148253556e-07,2.608713066977192e-07,1.393263006076297e-07,5.707831161161834e-06,4.6226431859292503e-07,2.020782111805543e-09,1.186058060319256e-07
10,24.082,2.110494176198969e-06,4.101724428695008e-07,7.286926521859845e-07,2.1571770475899683e-07,1.247588560607809e-05,8.975178788513722e-07,3.960051241358884e-09,4.151289740747704e-08
25,61.275,1.4071406789155393e-07,4.944620282492343e-08,9.928652099830353e-08,4.677678965197413e-08,5.942169160652767e-07,6.466710702349252e-08,7.264209753110319e-10,1.298785177015961e-07
50,122.748,3.0665409090994216e-07,7.720226124775453e-08,1.4011066052816857e-07,4.307557770328404e-08,1.7043822874887397e-06,1.4292658688595186e-07,7.60458199209788e-10,3.8120804316486454e-08
100,245.579,5.107202253624359e-07,1.1275140028515692e-07,1.8940091963615553e-07,7.241986980765065e-08,2.868941518348319e-06,2.3356906162601212e-07,1.4153686555658945e-09,9.654343917819127e-08

n_splits,train_time,Avg mse,Avg mse dim 1,Avg mse dim 2,Avg mse dim 3,Avg mse dim 4,Avg mse dim 5,Avg mse dim 6,Avg mse dim 7
2,4.076,0.00014338510540311055,3.093103897137663e-05,4.261742021835584e-05,1.639992707443009e-05,0.0008519134896749283,5.73625355598135e-05,3.078488902360418e-07,4.1634774326337106e-06
5,11.89,9.876691509551963e-07,2.2276438148253556e-07,2.608713066977192e-07,1.393263006076297e-07,5.707831161161834e-06,4.6226431859292503e-07,2.020782111805543e-09,1.186058060319256e-07
10,24.81,1.0627238089978865e-06,2.4348803182279073e-07,3.246796330919517e-07,1.3595533810670946e-07,6.313727544644926e-06,3.8318156211838643e-07,2.238004321962911e-09,3.579654887847807e-08

rank,train_time,Avg mse,Avg mse dim 1,Avg mse dim 2,Avg mse dim 3,Avg mse dim 4,Avg mse dim 5,Avg mse dim 6,Avg mse dim 7
"(1, 200, 40)",11.849,9.876691509551963e-07,2.2276438148253556e-07,2.608713066977192e-07,1.393263006076297e-07,5.707831161161834e-06,4.6226431859292503e-07,2.020782111805543e-09,1.186058060319256e-07

