train_size,train_time,Avg mse,Avg mse dim 1,Avg mse dim 2
5,7.115,0.04283826181448947,0.009261427761401776,0.07641509586757715
10,12.448,0.00030731563762584303,7.767690156470509e-05,0.000536954373686981
25,26.572,0.00014640903275359453,4.591660824242737e-05,0.0002469014572647617
50,52.208,0.00012644289001835233,4.228520134145016e-05,0.0002106005786952545
75,78.412,0.00011030601968022071,3.8556883437022614e-05,0.0001820551559234188
100,101.023,9.126167555516605e-05,3.465930760227489e-05,0.0001478640435080572
125,128.551,0.00010774066122458189,3.824356600441694e-05,0.00017723775644474683
150,150.604,9.046982040861756e-05,3.469744857854507e-05,0.00014624219223869007
175,174.382,0.0001016183190679072,3.636751638609206e-05,0.00016686912174972236
200,201.07,0.00011473189566213317,3.973683202430454e-05,0.00018972695929996182

samp_period,train_time,Avg mse,Avg mse dim 1,Avg mse dim 2
0.01,11.808,0.00030731563762584303,7.767690156470509e-05,0.000536954373686981
0.025,11.982,0.00030731563762584303,7.767690156470509e-05,0.000536954373686981
0.05,11.832,0.00030731563762584303,7.767690156470509e-05,0.000536954373686981
0.08,11.839,0.00030731563762584303,7.767690156470509e-05,0.000536954373686981
0.1,11.851,0.00030731563762584303,7.767690156470509e-05,0.000536954373686981
0.2,12.013,0.00030731563762584303,7.767690156470509e-05,0.000536954373686981
0.25,11.829,0.00030731563762584303,7.767690156470509e-05,0.000536954373686981
0.5,11.831,0.00030731563762584303,7.767690156470509e-05,0.000536954373686981
1,11.871,0.00030731563762584303,7.767690156470509e-05,0.000536954373686981
2,11.881,0.00030731563762584303,7.767690156470509e-05,0.000536954373686981

obs_type,train_time,Avg mse,Avg mse dim 1,Avg mse dim 2
rff,11.946,0.00030731563762584303,7.767690156470509e-05,0.000536954373686981
quadratic,1.08,0.02560453276056354,0.005167670723110699,0.046041394798016375
id,0.62,0.025907996737668,0.005227048150274138,0.04658894532506186

opt,train_time,Avg mse,Avg mse dim 1,Avg mse dim 2
grid,11.918,0.00030731563762584303,7.767690156470509e-05,0.000536954373686981
monte-carlo,94.3,0.00010885190898793538,3.903594417980241e-05,0.00017866787379606833

n_obs,train_time,Avg mse,Avg mse dim 1,Avg mse dim 2
5,4.016,0.006620558351106904,0.0013862767640975301,0.011854839938116278
10,4.091,0.00018587021678608003,5.275488674275925e-05,0.00031898554682940086
25,4.476,0.00025939222314163093,6.579864489488093e-05,0.000452985801388381
50,5.538,0.0001509330248731599,4.806248052818559e-05,0.0002538035692181342
100,7.848,0.0002640658956760498,6.931244940005198e-05,0.0004588193419520476
200,11.998,0.00030731563762584303,7.767690156470509e-05,0.000536954373686981
300,16.428,0.0001835838620122821,5.20110348268943e-05,0.00031515668919766994
400,21.495,0.00016902384053513718,4.8684168863573586e-05,0.0002893635122067008
500,23.572,0.0004259114188568505,9.870658326204764e-05,0.0007531162544516534
1000,47.213,0.0004411034946180562,0.00010206613025128603,0.0007801408589848264

grid_param_slices,train_time,Avg mse,Avg mse dim 1,Avg mse dim 2
5,11.968,0.00030731563762584303,7.767690156470509e-05,0.000536954373686981
10,23.722,0.0001676064234893918,4.8844195349855977e-05,0.0002863686516289276
25,58.992,0.00022598331065895038,6.041532968318618e-05,0.00039155129163471455
50,117.774,0.0006333954930637429,0.0001459943730173296,0.001120796613110156
100,235.132,0.0004665732370287753,0.00011536692679522179,0.0008177795472623288

n_splits,train_time,Avg mse,Avg mse dim 1,Avg mse dim 2
2,4.505,0.0004374747641286063,9.866176150549733e-05,0.0007762877667517151
5,11.885,0.00030731563762584303,7.767690156470509e-05,0.000536954373686981
10,24.089,0.0003364244999111601,8.076997673764066e-05,0.0005920790230846796

rank,train_time,Avg mse,Avg mse dim 1,Avg mse dim 2
"(1, 200, 40)",12.009,0.00030731563762584303,7.767690156470509e-05,0.000536954373686981

