train_size,train_time,Avg mse,Avg mse dim 1,Avg mse dim 2,Avg mse dim 3
5,6.79,0.15031268913449158,0.2848624076547659,0.12688069427470897,0.03919496547399987
10,12.88,1.0283950186866906,1.9961333210549572,0.8144905160707564,0.27456121893435825
25,31.839,0.01753851338702319,0.029089697117222833,0.014111736267797747,0.009414106776048987
50,59.159,842738803398.3663,1373967292933.263,1143687684600.484,10561432661.351944
75,86.993,2.9424568661196414e-05,5.585475975326978e-05,2.5674459807120352e-05,6.74448642319911e-06
100,113.415,1.058523586923534e-05,2.0017593879672878e-05,9.456699608293156e-06,2.2814141197399802e-06
125,139.012,2.3903331731275395e-05,4.4150583318968305e-05,2.0691776448074095e-05,6.867635426783778e-06
150,161.549,4.520842755516805e-05,8.513379247254515e-05,3.932267783740607e-05,1.116881235555292e-05
175,166.85,2.229317935419824,3.561857939969705,3.109234203430908,0.016861662858858206
200,188.859,0.0001536259052468983,0.000256978942880351,0.00019978732285246825,4.1114500078756635e-06

samp_period,train_time,Avg mse,Avg mse dim 1,Avg mse dim 2,Avg mse dim 3
0.01,84.56,7.8493511783750956,12.070285898986105,4.378621129885435,7.0991465062537475
0.025,36.766,7.702561548638135,11.168457945746574,4.540660343764811,7.39856635640302
0.05,21.56,8.133632499230238,14.639773290184124,3.5302817741937034,6.2308424333128825
0.08,16.155,1.8860111797151389,2.897403440407732,1.3164556404827983,1.4441744582548863
0.1,11.55,1.0283950186866906,1.9961333210549572,0.8144905160707564,0.27456121893435825
0.2,7.137,18.360828757533994,25.81832809493622,10.87592941858587,18.38822875907989
0.25,7.906,9.752999263318126,15.999907339187475,5.195016968561977,8.064073482204925
0.5,5.103,21.78655403238347,34.016365283889584,11.003178936630105,20.34011787663072
1,3.003,17.294360617811186,25.338671749729286,10.854541653494412,15.689868450209865
2,1.607,13.837511325656576,20.595535607672627,7.486253594281286,13.430744775015816

obs_type,train_time,Avg mse,Avg mse dim 1,Avg mse dim 2,Avg mse dim 3
rff,12.298,1.0283950186866906,1.9961333210549572,0.8144905160707564,0.27456121893435825
quadratic,0.763,6.0750743677717205

opt,train_time,Avg mse,Avg mse dim 1,Avg mse dim 2,Avg mse dim 3
grid,12.391,1.0283950186866906,1.9961333210549572,0.8144905160707564,0.27456121893435825
monte-carlo,94.933,0.2777224470888918,0.5338337691671812,0.23182256454127345,0.06751100755822087

n_obs,train_time,Avg mse,Avg mse dim 1,Avg mse dim 2,Avg mse dim 3
5,3.391,4.456420695272645,8.443479222281342,2.3773538956597475,2.548428967876847
10,3.468,1.0327880325266465,1.9309000938448764,0.7800227567101754,0.3874412470248881
25,3.868,3.23318475666715e+74,4.691009975846036e+74,5.003506424970746e+74,5.037869184665724e+71
50,4.931,0.1610918650898861,0.3102767779679843,0.13707742605415071,0.03592139124752334
100,7.269,0.5740216268520378,1.1107708287323008,0.4714356465698942,0.1398584052539184
200,11.469,1.0283950186866906,1.9961333210549572,0.8144905160707564,0.27456121893435825
300,16.045,0.9966195359461878,1.93355874408739,0.7992753766124288,0.2570244871387442
400,21.221,0.5603825683640565,0.5202889686881591,0.18453460861706433,0.9763241277869461
500,24.396,0.03547030167938215,0.06494298729017374,0.0183657888624842,0.02310212888548849
1000,48.295,2.3264097914247364,4.532729058188951,1.531661319398127,0.9148389966871313

grid_param_slices,train_time,Avg mse,Avg mse dim 1,Avg mse dim 2,Avg mse dim 3
5,11.615,1.0283950186866906,1.9961333210549572,0.8144905160707564,0.27456121893435825
10,23.201,1.4523979129117741,2.719952675263367,0.9756390399960254,0.6616020234759296
25,58.604,0.11872898746460614,0.2286288670662921,0.10157685508808956,0.025981240239436727
50,117.521,0.8102061764397763,1.4976230351006046,0.6437694374146057,0.28922605680411895
100,235.581,0.038407960650366516,0.07350329834845211,0.032857597121529504,0.008862986481117946

n_splits,train_time,Avg mse,Avg mse dim 1,Avg mse dim 2,Avg mse dim 3
2,3.935,3.094828278367163,5.94781844226505,1.8840438690961188,1.4526225237403194
5,11.495,1.0283950186866906,1.9961333210549572,0.8144905160707564,0.27456121893435825
10,24.14,0.8275436252061065,1.6038409070929485,0.6781422924393679,0.20064767608600312

rank,train_time,Avg mse,Avg mse dim 1,Avg mse dim 2,Avg mse dim 3
"(1, 200, 40)",11.573,1.0283950186866906,1.9961333210549572,0.8144905160707564,0.27456121893435825

