train_size,train_time,Avg mse,Avg mse dim 1,Avg mse dim 2,Avg mse dim 3
5,6.513,0.052868369003309365,0.07900322116267193,8.230468197353597e-06,0.07959365537905881
10,11.563,0.032849040819236695,0.04898421949296455,5.522774742663217e-06,0.04955738019000288
25,25.345,0.0019121239780632115,0.0028085482581371294,1.2418286608298118e-05,0.002915405389444206
50,48.679,2.519953845905378e-07,3.737956472594467e-07,7.748647956094076e-11,3.821130200326057e-07
75,70.967,2.1330740142391096e-08,3.128728232018392e-08,5.633375019116791e-11,3.264860435679819e-08
100,94.698,1.6924321629034764e-08,2.4942553889104382e-08,3.1140797152786815e-11,2.5799270200847124e-08
125,119.109,8.94920902833624e-09,1.3219586382479634e-08,1.4517191441507425e-11,1.361352351108758e-08
150,142.096,1.626751897010961e-08,2.399178481045701e-08,2.370234507930693e-11,2.4787069754792513e-08
175,165.929,1.2355336705862683e-08,1.8277496924809946e-08,1.4255398723828674e-11,1.8774257794054265e-08
200,199.495,7.205184200737313e-09,1.0719655391959803e-08,9.276730319218322e-12,1.0886620479932914e-08

samp_period,train_time,Avg mse,Avg mse dim 1,Avg mse dim 2,Avg mse dim 3
0.01,85.017,0.03270637338489629,0.049119509226234946,5.331415850579972e-06,0.04899427951260333
0.025,35.646,0.0327286610470421,0.049090569087012995,5.447685311344534e-06,0.04908996636880196
0.05,19.345,0.03276781025696704,0.049052266504234304,5.504452068287287e-06,0.04924565981459852
0.08,13.512,0.03281633744345547,0.04901097403863299,5.520231510511846e-06,0.04943251806022289
0.1,11.58,0.032849040819236695,0.04898421949296455,5.522774742663217e-06,0.04955738019000288
0.2,7.06,0.0330142629543711,0.04885199007721383,5.5226122981449254e-06,0.05018527617360132
0.25,6.181,0.0330977105164676,0.048786216168865165,5.521429140851641e-06,0.05050139395139681
0.5,5.141,0.03352251017246584,0.04846043407380123,5.515556690136184e-06,0.052101580886906154
1,2.483,0.0343475488965659,0.04767328071710256,5.4898729919264394e-06,0.05536387609960322
2,1.808,0.03606811453051629,0.04664659263613376,5.469889374606439e-06,0.0615522810660405

obs_type,train_time,Avg mse,Avg mse dim 1,Avg mse dim 2,Avg mse dim 3
rff,11.728,0.032849040819236695,0.04898421949296455,5.522774742663217e-06,0.04955738019000288
quadratic,1.023,0.0016234609552435782

opt,train_time,Avg mse,Avg mse dim 1,Avg mse dim 2,Avg mse dim 3
grid,11.69,0.032849040819236695,0.04898421949296455,5.522774742663217e-06,0.04955738019000288
monte-carlo,97.305,0.03321591538836778,0.049599135436919885,5.735215115328134e-06,0.05004287551306811

n_obs,train_time,Avg mse,Avg mse dim 1,Avg mse dim 2,Avg mse dim 3
5,3.689,8.555561453560295e-05,0.0001264246502045819,3.385877244426159e-08,0.00013020833462978274
10,3.777,1.546812264133863e+115,2.0576452987141546e+115,2.6975585886545348e+113,2.5558159078008894e+115
25,4.317,0.03266181464154419,0.048659060439186906,5.493676802039056e-06,0.04932088980864362
50,5.535,0.03276536706727827,0.04882982546359993,5.509142565009044e-06,0.04946076659566987
100,8.782,0.03280076939351137,0.04889846698862874,5.515193077014104e-06,0.049498325998828356
200,15.635,0.032849040819236695,0.04898421949296455,5.522774742663217e-06,0.04955738019000288
300,21.649,0.03267971649601442,0.04868474784884105,5.496015695849638e-06,0.049348905623506356
400,29.039,0.03277346970617749,0.048850021957618624,5.51080794295014e-06,0.04946487635297091
500,28.505,0.032801541735557105,0.048901463891142964,5.515394229573152e-06,0.04949764592129878
1000,61.736,0.03274543431551783,0.048802248115980724,5.5065050707010075e-06,0.04942854832550206

grid_param_slices,train_time,Avg mse,Avg mse dim 1,Avg mse dim 2,Avg mse dim 3
5,14.388,0.032849040819236695,0.04898421949296455,5.522774742663217e-06,0.04955738019000288
10,29.237,0.03278905721187126,0.04885388611499373,5.511615667599358e-06,0.04950777390495246
25,72.252,0.03274666510388365,0.048786469761926896,5.505422588383494e-06,0.04944802012713567
50,146.258,0.03273641524123589,0.04879341868206657,5.505589063155337e-06,0.04941032145257794
100,276.748,0.032735274107385866,0.048793902457902265,5.505587032716026e-06,0.0494064142772226

n_splits,train_time,Avg mse,Avg mse dim 1,Avg mse dim 2,Avg mse dim 3
2,4.311,0.04925228642762964,0.07359250891452401,7.755185844936011e-06,0.07415659518251996
5,12.072,0.032849040819236695,0.04898421949296455,5.522774742663217e-06,0.04955738019000288
10,24.445,0.0317072929329927,0.047109574540283854,5.459945738590267e-06,0.04800684431295565

rank,train_time,Avg mse,Avg mse dim 1,Avg mse dim 2,Avg mse dim 3
"(1, 200, 40)",12.203,0.032849040819236695,0.04898421949296455,5.522774742663217e-06,0.04955738019000288

