train_size,train_time,Avg mse,Avg mse dim 1,Avg mse dim 2,Avg mse dim 3,Avg mse dim 4
5,7.274,7.4431603278559335e-06,3.3238430852670883e-06,4.205869686232315e-06,7.650622559656198e-06,1.4592305980268134e-05
10,13.293,2.7354597418870797e-06,1.2427482660342836e-06,1.8867118064744089e-06,2.763946553189209e-06,5.048432341850419e-06
25,26.066,1.0676130456797767e-06,3.868390449026444e-07,7.036371628136467e-07,1.2142098303685608e-06,1.965766144634255e-06
50,51.456,5.482217056497973e-07,4.1838011091735695e-07,2.593625411454228e-07,6.733994462852426e-07,8.417447242511667e-07
75,73.076,9.972512035224578e-07,2.262969861337227e-07,8.126358140533984e-07,3.2761420249686524e-07,2.622457811405845e-06
100,97.59,1.0386547899456268e-06,1.7881693301079806e-07,8.793537262930739e-07,2.6624769275857416e-07,2.830200807720061e-06
125,119.272,2.330623752682634e-07,1.5346080684886123e-07,1.148905727601132e-07,3.3595610023213657e-07,3.2794202123194264e-07
150,139.32,2.2541471595321965e-06,1.1194425578816738e-06,1.4365059287902263e-06,2.7871153215242337e-06,3.673524829932652e-06
175,162.965,4.818247400310573e-07,2.8664695179072537e-07,2.4368205609382003e-07,6.503086267674675e-07,7.466613254722162e-07
200,187.295,2.316383296251846e-07,1.2520291228151191e-07,1.224799224689587e-07,2.922890665942356e-07,3.8658141715603217e-07

samp_period,train_time,Avg mse,Avg mse dim 1,Avg mse dim 2,Avg mse dim 3,Avg mse dim 4
0.01,85.051,16.45167948507481,23.444655259133665,0.08189596145143084,42.008646732768035,0.2715199869461025
0.025,36.075,9.73895993882634,15.94432358830078,0.02359018523518067,22.91422905665215,0.0736969251172534
0.05,19.707,14.923372328835637,19.897379054880698,0.020660668515506055,39.72399863592492,0.051450956021423896
0.08,13.6,9.756661725090947,16.036414095322137,0.023614534507137155,22.892886644410236,0.07373162612427867
0.1,12.14,2.7354597418870797e-06,1.2427482660342836e-06,1.8867118064744089e-06,2.763946553189209e-06,5.048432341850419e-06
0.2,7.475,9.741562842575782,15.893534630558783,0.02371701908689272,22.97614421238452,0.07285550827293237
0.25,5.64,9.872286302286845,16.348658411082653,0.023775360610883457,23.044333726807274,0.07237771064657114
0.5,3.646,17.076012715249213,22.787096920568274,0.02544175083995294,45.405433590865506,0.0860785987231183
1,2.09,18.64821004968215,44.518571111882366,0.026889842483375663,29.938143733909836,0.10923551045301963
2,1.574,16.147290115549655,41.49782433521475,0.023746221447940356,22.995373760907864,0.07221614462806734

obs_type,train_time,Avg mse,Avg mse dim 1,Avg mse dim 2,Avg mse dim 3,Avg mse dim 4
rff,11.643,2.7354597418870797e-06,1.2427482660342836e-06,1.8867118064744089e-06,2.763946553189209e-06,5.048432341850419e-06
quadratic,0.945,18.68130531869773

opt,train_time,Avg mse,Avg mse dim 1,Avg mse dim 2,Avg mse dim 3,Avg mse dim 4
grid,11.519,2.7354597418870797e-06,1.2427482660342836e-06,1.8867118064744089e-06,2.763946553189209e-06,5.048432341850419e-06
monte-carlo,95.482,6.806982401221331e-07,3.2518228920776034e-07,3.1599302825520593e-07,1.055534037990426e-06,1.0260836050351402e-06

n_obs,train_time,Avg mse,Avg mse dim 1,Avg mse dim 2,Avg mse dim 3,Avg mse dim 4
5,3.407,0.2417430701166198,0.36303568359301625,0.008167468449377706,0.5646784278966429,0.031090700527442356
10,3.48,22.5727589705857,62.176179363335564,0.026411237496229468,28.009779373856336,0.07866590765468362
25,3.91,155197058350099.53,15576765341551.83,28095154254481.914,402012565309085.56,175103748495278.84
50,4.939,0.00011925574398782092,6.943574958404262e-05,7.518339687484656e-05,0.00014765239031757065,0.0001847514391748238
100,7.311,0.00013438016762107349,1.6584158855665448e-05,9.577799501268946e-05,7.476032633285335e-05,0.00035039819028308565
200,11.611,2.7354597418870797e-06,1.2427482660342836e-06,1.8867118064744089e-06,2.763946553189209e-06,5.048432341850419e-06
300,16.525,2.2584636210315923e-06,6.005140335546536e-07,2.055069893505455e-06,1.3852716004939464e-06,4.992998956572314e-06
400,22.159,5.210460508410128e-07,2.1869890659335886e-07,2.5861928945810055e-07,6.164639063298837e-07,9.904021009827082e-07
500,24.981,4.530497558350742e-07,2.974495704894699e-07,2.5539583998065776e-07,5.557261499129347e-07,7.036274629572345e-07
1000,51.215,4.67358557664149e-06,2.3997879403636526e-06,2.4765830947308704e-06,6.416631242702217e-06,7.4013400287692225e-06

train_size,train_time,Avg mse,Avg mse dim 1,Avg mse dim 2,Avg mse dim 3,Avg mse dim 4
5,7.902,7.4431603278559335e-06,3.3238430852670883e-06,4.205869686232315e-06,7.650622559656198e-06,1.4592305980268134e-05
10,13.067,2.7354597418870797e-06,1.2427482660342836e-06,1.8867118064744089e-06,2.763946553189209e-06,5.048432341850419e-06
25,27.358,1.0676130456797767e-06,3.868390449026444e-07,7.036371628136467e-07,1.2142098303685608e-06,1.965766144634255e-06
50,52.168,5.482217056497973e-07,4.1838011091735695e-07,2.593625411454228e-07,6.733994462852426e-07,8.417447242511667e-07
75,74.323,9.972512035224578e-07,2.262969861337227e-07,8.126358140533984e-07,3.2761420249686524e-07,2.622457811405845e-06
100,102.21,1.0386547899456268e-06,1.7881693301079806e-07,8.793537262930739e-07,2.6624769275857416e-07,2.830200807720061e-06
125,150.802,2.330623752682634e-07,1.5346080684886123e-07,1.148905727601132e-07,3.3595610023213657e-07,3.2794202123194264e-07
150,187.195,2.2541471595321965e-06,1.1194425578816738e-06,1.4365059287902263e-06,2.7871153215242337e-06,3.673524829932652e-06
175,218.942,4.818247400310573e-07,2.8664695179072537e-07,2.4368205609382003e-07,6.503086267674675e-07,7.466613254722162e-07
200,251.769,2.316383296251846e-07,1.2520291228151191e-07,1.224799224689587e-07,2.922890665942356e-07,3.8658141715603217e-07

samp_period,train_time,Avg mse,Avg mse dim 1,Avg mse dim 2,Avg mse dim 3,Avg mse dim 4
0.01,112.563,16.45167948507481,23.444655259133665,0.08189596145143084,42.008646732768035,0.2715199869461025
0.025,52.703,9.73895993882634,15.94432358830078,0.02359018523518067,22.91422905665215,0.0736969251172534
0.05,30.827,14.923372328835637,19.897379054880698,0.020660668515506055,39.72399863592492,0.051450956021423896
0.08,23.008,9.756661725090947,16.036414095322137,0.023614534507137155,22.892886644410236,0.07373162612427867
0.1,20.229,2.7354597418870797e-06,1.2427482660342836e-06,1.8867118064744089e-06,2.763946553189209e-06,5.048432341850419e-06
0.2,13.504,9.741562842575782,15.893534630558783,0.02371701908689272,22.97614421238452,0.07285550827293237
0.25,9.954,9.872286302286845,16.348658411082653,0.023775360610883457,23.044333726807274,0.07237771064657114
0.5,6.955,17.076012715249213,22.787096920568274,0.02544175083995294,45.405433590865506,0.0860785987231183
1,4.377,18.64821004968215,44.518571111882366,0.026889842483375663,29.938143733909836,0.10923551045301963
2,2.703,16.147290115549655,41.49782433521475,0.023746221447940356,22.995373760907864,0.07221614462806734

obs_type,train_time,Avg mse,Avg mse dim 1,Avg mse dim 2,Avg mse dim 3,Avg mse dim 4
rff,19.723,2.7354597418870797e-06,1.2427482660342836e-06,1.8867118064744089e-06,2.763946553189209e-06,5.048432341850419e-06
quadratic,1.043,18.68130531869773

train_size,train_time,Avg mse,Avg mse dim 1,Avg mse dim 2,Avg mse dim 3,Avg mse dim 4
5,13.717,4.531016118038517e-06,1.1608670953124007e-06,3.76702595156607e-06,3.865449830171607e-06,9.330721595103991e-06
10,21.303,7.491110671886874e-07,3.4524476023874904e-07,4.381523034290439e-07,8.765439017908191e-07,1.3365033032961372e-06
25,41.042,7.471876545234187e-07,2.749000562641405e-07,5.250879271564095e-07,5.790982446765692e-07,1.6096643899965558e-06
50,74.975,3.885212337279475e-06,1.7894165959608317e-06,2.5151925174705737e-06,4.489971509299737e-06,6.7462687263867565e-06
75,107.842,1.1465437215852441e-06,5.610899879201875e-07,6.86966479768909e-07,1.5105055227363049e-06,1.827612895915575e-06
100,138.959,9.231716147559235e-07,3.0131865085337884e-07,6.671329618416385e-07,8.892635715450533e-07,1.8349712747836232e-06
125,170.23,2.527715491805647e-06,6.742095818224776e-07,1.9484381939837367e-06,2.4371422681510865e-06,5.051071923265287e-06
150,204.35,2.7362797843822498e-06,7.825752484525756e-07,2.028064018539499e-06,2.3716020736246755e-06,5.762877796912248e-06
175,231.135,4.265671635678913e-07,2.720543670087884e-07,2.0880433020903373e-07,5.388222509506128e-07,6.865877061031303e-07
200,242.207,6.392599953485243e-07,3.7491561563095087e-07,3.3882219419613713e-07,8.689147492169262e-07,9.74387422350083e-07

opt,train_time,Avg mse,Avg mse dim 1,Avg mse dim 2,Avg mse dim 3,Avg mse dim 4
grid,19.839,2.7354597418870797e-06,1.2427482660342836e-06,1.8867118064744089e-06,2.763946553189209e-06,5.048432341850419e-06
monte-carlo,168.994,3.181315670362192e-06,1.974117138786148e-06,1.74595955685871e-06,4.471045671175956e-06,4.534140314627953e-06

samp_period,train_time,Avg mse,Avg mse dim 1,Avg mse dim 2,Avg mse dim 3,Avg mse dim 4
0.01,109.318,16.43978254684074,23.42499243967682,0.08217488742979738,41.97895817806453,0.27300468219179963
0.025,53.475,10.907778171551639,19.65999988556579,0.037547081486082864,23.747814223189803,0.1857514959648781
0.05,31.144,15.025801420325795,20.05257044447618,0.02094232360282715,39.965022649391656,0.06467026383251635
0.08,23.461,9.591444427721997,15.388866845038885,0.023714583814822235,22.879012950250353,0.07418333178393441
0.1,21.889,7.491110671886874e-07,3.4524476023874904e-07,4.381523034290439e-07,8.765439017908191e-07,1.3365033032961372e-06
0.2,15.51,17.245386106495197,23.78796546247901,0.1364132993705039,44.712377035239,0.3447886288922744
0.25,11.61,9.590386977794582,15.231641818636271,0.0239007338047872,23.033228288281766,0.0727770704555036
0.5,8.042,16.016151487488784,21.319219618947198,0.03319284200019004,42.60793119689059,0.10426229211716805
1,5.056,13.44121184546744,20.84844540682706,0.0441714016033051,32.71841160890517,0.15381896453422372
2,3.242,16.081756412054776,41.23555052734978,0.023863545350296465,22.995112271029967,0.07249930448905899

obs_type,train_time,Avg mse,Avg mse dim 1,Avg mse dim 2,Avg mse dim 3,Avg mse dim 4
rff,22.323,7.491110671886874e-07,3.4524476023874904e-07,4.381523034290439e-07,8.765439017908191e-07,1.3365033032961372e-06
quadratic,1.29,16.317021149142853,42.26976238921032,0.023663470039287655,22.90266615611549,0.07199258120631119
id,0.219,18.68130531869773,50.193184862946424,0.023469630437197336,24.43297610296101,0.07559067844629465

n_obs,train_time,Avg mse,Avg mse dim 1,Avg mse dim 2,Avg mse dim 3,Avg mse dim 4
5,3.667,0.2417430701166198,0.36303568359301625,0.008167468449377706,0.5646784278966429,0.031090700527442356
10,3.767,22.5727589705857,62.176179363335564,0.026411237496229468,28.009779373856336,0.07866590765468362
25,4.563,155197058350099.53,15576765341551.83,28095154254481.914,402012565309085.56,175103748495278.84
50,6.246,0.00011925574398782092,6.943574958404262e-05,7.518339687484656e-05,0.00014765239031757065,0.0001847514391748238
100,11.349,0.00013438016762107349,1.6584158855665448e-05,9.577799501268946e-05,7.476032633285335e-05,0.00035039819028308565
200,19.932,2.7354597418870797e-06,1.2427482660342836e-06,1.8867118064744089e-06,2.763946553189209e-06,5.048432341850419e-06
300,28.326,2.2584636210315923e-06,6.005140335546536e-07,2.055069893505455e-06,1.3852716004939464e-06,4.992998956572314e-06
400,41.045,5.210460508410128e-07,2.1869890659335886e-07,2.5861928945810055e-07,6.164639063298837e-07,9.904021009827082e-07
500,41.947,4.530497558350742e-07,2.974495704894699e-07,2.5539583998065776e-07,5.557261499129347e-07,7.036274629572345e-07
1000,85.477,4.67358557664149e-06,2.3997879403636526e-06,2.4765830947308704e-06,6.416631242702217e-06,7.4013400287692225e-06

opt,train_time,Avg mse,Avg mse dim 1,Avg mse dim 2,Avg mse dim 3,Avg mse dim 4
grid,19.781,7.491110671886874e-07,3.4524476023874904e-07,4.381523034290439e-07,8.765439017908191e-07,1.3365033032961372e-06
monte-carlo,153.801,3.0119643459215946e-06,1.100581723206467e-06,1.8736620852692793e-06,2.5901254025056025e-06,6.483488172705029e-06

n_obs,train_time,Avg mse,Avg mse dim 1,Avg mse dim 2,Avg mse dim 3,Avg mse dim 4
5,3.739,0.23652008380606548,0.35477342630789044,0.008151392170876412,0.55194660371419,0.03120891303130504
10,3.874,25.22886752448697,70.22942503971655,0.030834139796003555,30.56447008650739,0.0907408319279424
25,4.572,9.716390727646933,15.908865226625105,0.023536446024041927,22.859896166933606,0.07326507100498153
50,6.161,0.00011495355416710425,6.502501208290981e-05,7.351500736837757e-05,0.0001393503418279843,0.00018192385538914527
100,10.975,7.73137404805093e-05,1.3146670292791521e-05,5.172792696720046e-05,5.362306076561542e-05,0.0001907573038964298
200,19.103,7.491110671886874e-07,3.4524476023874904e-07,4.381523034290439e-07,8.765439017908191e-07,1.3365033032961372e-06
300,28.044,5.734872776164036e-05,2.126151296725185e-05,3.9177951638702405e-05,5.353681983334635e-05,0.00011541862660726086
400,38.389,1.5100315514603778e-06,7.168931993968781e-07,9.127556409833538e-07,1.7802883460612697e-06,2.63018901940001e-06
500,43.875,1.893689533349788e-05,6.5629377822104025e-06,1.4288398733828396e-05,1.3585084663618887e-05,4.131116015433383e-05
1000,88.891,3.8526718204017564e-06,1.226314278893281e-06,2.408776889550085e-06,4.119607665194776e-06,7.655988447968883e-06

grid_param_slices,train_time,Avg mse,Avg mse dim 1,Avg mse dim 2,Avg mse dim 3,Avg mse dim 4
5,18.676,2.7354597418870797e-06,1.2427482660342836e-06,1.8867118064744089e-06,2.763946553189209e-06,5.048432341850419e-06
10,37.707,4.37048304172534e-06,3.3431137039418694e-06,2.0529692556437963e-06,6.9129315486953454e-06,5.1729176586203495e-06
25,94.807,8.675617075675557e-07,3.109958829251855e-07,6.551859264735878e-07,7.57113750840766e-07,1.7469512700306838e-06
50,198.125,1.1225314403989715e-06,6.164006572738566e-07,6.916862034915223e-07,1.3086667982219278e-06,1.873372102608579e-06
100,413.817,7.586993663320614e-07,2.830033170037639e-07,4.533578072677336e-07,8.109583088300041e-07,1.487478032226744e-06

n_splits,train_time,Avg mse,Avg mse dim 1,Avg mse dim 2,Avg mse dim 3,Avg mse dim 4
2,7.443,4.346532178000859e-06,1.8433110890581544e-06,2.4475889593306414e-06,4.854149654569368e-06,8.241079009045274e-06
5,19.804,2.7354597418870797e-06,1.2427482660342836e-06,1.8867118064744089e-06,2.763946553189209e-06,5.048432341850419e-06
10,39.839,1.9729508858603547e-06,1.911665069723247e-06,6.164786645278665e-07,3.7547548157503074e-06,1.6089049934399976e-06

rank,train_time,Avg mse,Avg mse dim 1,Avg mse dim 2,Avg mse dim 3,Avg mse dim 4
"(1, 200, 40)",20.176,2.7354597418870797e-06,1.2427482660342836e-06,1.8867118064744089e-06,2.763946553189209e-06,5.048432341850419e-06

grid_param_slices,train_time,Avg mse,Avg mse dim 1,Avg mse dim 2,Avg mse dim 3,Avg mse dim 4
5,18.932,7.491110671886874e-07,3.4524476023874904e-07,4.381523034290439e-07,8.765439017908191e-07,1.3365033032961372e-06
10,39.979,2.355148044486468e-06,1.877407768084738e-06,9.090726998439907e-07,3.8105804015334e-06,2.823531308483742e-06
25,103.869,8.191114490529046e-07,5.069740771591217e-07,4.164683673453263e-07,1.193302925166156e-06,1.1597004265410145e-06
50,203.812,2.330814336078106e-06,7.603747744606428e-07,1.8376024717676701e-06,1.2248138657946077e-06,5.500466232289503e-06
100,286.786,4.751550680027266e-07,2.363499739845274e-07,2.531536442998755e-07,4.2585635705991815e-07,9.852602966665854e-07

n_splits,train_time,Avg mse,Avg mse dim 1,Avg mse dim 2,Avg mse dim 3,Avg mse dim 4
2,4.22,7.248732350531669e-05,5.170971924601148e-06,7.00961152536773e-05,2.8812242094623328e-05,0.00018586996474836498
5,12.074,7.491110671886874e-07,3.4524476023874904e-07,4.381523034290439e-07,8.765439017908191e-07,1.3365033032961372e-06
10,25.048,3.515464127797099e-06,2.820016029886755e-06,1.4741372620858382e-06,5.765189716489868e-06,4.0025135027259355e-06

rank,train_time,Avg mse,Avg mse dim 1,Avg mse dim 2,Avg mse dim 3,Avg mse dim 4
"(1, 200, 40)",12.199,7.491110671886874e-07,3.4524476023874904e-07,4.381523034290439e-07,8.765439017908191e-07,1.3365033032961372e-06

