train_size,train_time,Avg mse,Avg mse dim 1,Avg mse dim 2
5,13.605,0.00023623099383184067,0.0003789969186251956,9.346506903848568e-05
10,11.899,0.0004988119521985484,0.0007528423032125918,0.0002447816011845049
25,26.172,5.147423631768824e-06,7.918163156235803e-06,2.3766841073018454e-06
50,50.074,1.2980035558272263e-06,2.0050191384052867e-06,5.909879732491659e-07
75,73.251,1.4852680445588153e-06,2.276858618788038e-06,6.936774703295923e-07
100,97.916,1.7460101139478333e-06,2.5868517899890593e-06,9.051684379066079e-07
125,122.094,2.8718368953905315e-05,4.2859887256736246e-05,1.4576850651074368e-05
150,146.262,1.1544148919332154e-06,1.8596529199291286e-06,4.4917686393730247e-07
175,170.981,1.2745957004994902e-06,1.9992955746857637e-06,5.498958263132169e-07
200,197.5,9.694228164319192e-07,1.583207738334054e-06,3.556378945297843e-07

samp_period,train_time,Avg mse,Avg mse dim 1,Avg mse dim 2
0.01,1043.791,1.421536049575045,2.1257557349886116,0.7173163641614785
0.025,385.038,1.384448178835998,2.058141019597962,0.7107553380740341
0.05,185.751,1.3976238946026331,2.096348595171568,0.6988991940336985
0.1,97.98,1.7460101139478333e-06,2.5868517899890593e-06,9.051684379066079e-07
0.2,55.336,1.5465999745774273,2.4071670566142434,0.6860328925406114
0.25,46.723,4.087092906695812e-05,6.001264130527333e-05,2.172921682864291e-05
0.5,30.085,0.00048608878881832254,0.0007459810926450807,0.00022619648499156445
1,21.252,0.0243842086150453,0.030638923588203762,0.018129493641886846
2,16.827,1.1179270821688396,1.6787310139280356,0.5571231504096434

obs_type,train_time,Avg mse,Avg mse dim 1,Avg mse dim 2
rff,97.752,1.7460101139478333e-06,2.5868517899890593e-06,9.051684379066079e-07
quadratic,6.374,0.2941571973134806,0.4435849281601809,0.14472946646678034
id,1.67,0.34090956394602767,0.5445119154665232,0.137307212425532

opt,train_time,Avg mse,Avg mse dim 1,Avg mse dim 2
grid,97.792,1.7460101139478333e-06,2.5868517899890593e-06,9.051684379066079e-07
monte-carlo,779.397,1.5488117365817868e-06,2.292120436184974e-06,8.055030369785997e-07

n_obs,train_time,Avg mse,Avg mse dim 1,Avg mse dim 2
5,34.659,0.0204656090887546,0.030621791380153925,0.010309426797355277
10,35.34,0.0005051262409175732,0.0007195847316601768,0.0002906677501749693
25,38.377,8.73708575601003e-06,1.3694324350012883e-05,3.779847162007176e-06
50,45.001,1.0498335963823783e-05,1.588702314116905e-05,5.109648786478515e-06
100,63.974,1.8168891552308168e-06,2.8607785658618842e-06,7.729997445997492e-07
200,97.574,1.7460101139478333e-06,2.5868517899890593e-06,9.051684379066079e-07
300,135.523,1.8609866962964207e-06,2.7693634716090026e-06,9.526099209838398e-07
400,176.022,0.0013160525378291014,0.0022279693003492613,0.0004041357753089411
500,222.39,1.4775843979424447e-06,2.2975220724587014e-06,6.57646723426188e-07
1000,499.47,2.986065167965398e-06,4.508439050467624e-06,1.4636912854631713e-06

grid_param_slices,train_time,Avg mse,Avg mse dim 1,Avg mse dim 2
5,97.532,1.7460101139478333e-06,2.5868517899890593e-06,9.051684379066079e-07
10,195.71,9.253081731522325e-07,1.4558528787617931e-06,3.9476346754267193e-07
25,486.752,2.4532520450576163e-06,3.832711729912591e-06,1.0737923602026425e-06
50,974.602,1.9067749878682186e-06,2.6753074319219606e-06,1.1382425438144758e-06
100,1952.545,1.0481333188124674e-06,1.6390445040830352e-06,4.572221335418995e-07

n_splits,train_time,Avg mse,Avg mse dim 1,Avg mse dim 2
2,32.843,1.5579113979355625e-05,2.2852348850049773e-05,8.305879108661475e-06
5,98.81,1.7460101139478333e-06,2.5868517899890593e-06,9.051684379066079e-07
10,207.82,6.159146673424333e-06,8.952991824295375e-06,3.365301522553292e-06

rank,train_time,Avg mse,Avg mse dim 1,Avg mse dim 2
"(1, 200, 40)",97.797,1.7460101139478333e-06,2.5868517899890593e-06,9.051684379066079e-07

