train_size,train_time,Avg mse,Avg mse dim 1,Avg mse dim 2,Avg mse dim 3,Avg mse dim 4,Avg mse dim 5,Avg mse dim 6,Avg mse dim 7
5,7.393,0.0003771953583278703,9.232238516759716e-05,0.00024621433774362373,4.05411937355864e-05,0.0021081755725838214,0.00014500136268785378,2.075383456949168e-06,6.037272919660625e-06
10,12.672,3.77553979273675e-07,1.0693724993237778e-07,1.615709632096513e-07,6.285516962238404e-08,2.0862168836123256e-06,1.4348984081317587e-07,1.1533118318609524e-09,8.065443589394934e-08
25,27.14,6.381642653855268e-08,1.362914530355084e-08,5.4837967436920734e-08,7.241092683042176e-09,3.3112596747554225e-07,3.54622310901537e-08,2.0626615969614783e-10,4.212315620962973e-09
50,51.528,7.754165017293651e-08,1.6400004844734278e-08,5.283998414592363e-08,9.158914626299839e-09,4.178928447597783e-07,4.3954101131886835e-08,2.0188579680038895e-10,2.343815905132338e-09
75,75.347,3.5748921703307334e-08,7.198704855329305e-09,3.3109415907430075e-08,4.114581061490679e-09,1.7878131363239844e-07,2.5816772033202463e-08,1.1497138076146953e-10,1.1066930525389167e-09
100,100.276,8.971130241549156e-09,9.837588738771488e-10,2.2180777802342728e-08,8.294295717384569e-10,2.3514289199276188e-08,1.4638044045193988e-08,4.8832525800583885e-11,6.027796726149951e-10
125,125.229,1.4900289153813542e-08,2.2794620389864584e-09,2.354849044216819e-08,1.369361653774e-09,5.820293240185542e-08,1.8270425283329024e-08,5.689090791804341e-11,5.744613486636707e-10
150,151.01,1.4291048269401326e-08,2.31325567998211e-09,2.3200963035659917e-08,1.4888681507133592e-09,5.686414801107406e-08,1.5465766681042878e-08,6.513592656272203e-11,6.392004007742417e-10
175,175.173,1.220034256813135e-08,1.8046877082345143e-09,2.1452097292215607e-08,1.134901452754105e-09,4.5428391168632134e-08,1.495892668276437e-08,6.052264767306087e-11,5.628710246456512e-10
200,201.523,1.686781533057768e-08,2.8939394907872775e-09,2.4518027656160042e-08,1.6192938895538265e-09,7.000822023047419e-08,1.8258443330860803e-08,6.458986883559645e-11,7.1219284737202e-10

samp_period,train_time,Avg mse,Avg mse dim 1,Avg mse dim 2,Avg mse dim 3,Avg mse dim 4,Avg mse dim 5,Avg mse dim 6,Avg mse dim 7
0.01,1071.36,0.13679720146734076,0.0821823343565046,0.12620605078209957,0.05605245379630255,0.644536494692542,0.042901192578546125,0.000735472432226003,0.0049664116331643565
0.025,394.867,0.013767143953480263,0.005511742838797294,0.0017647426144916706,0.004527346048779223,0.0825875794951475,0.0008443557085259882,0.00016979194806493204,0.0009644490205552362
0.05,192.224,0.1297048316775951,0.0878385147306584,0.12900553271281207,0.05683540808469919,0.585649189549378,0.042898559560471956,0.0007781828640537908,0.0049284342410924106
0.1,100.242,8.971130241549156e-09,9.837588738771488e-10,2.2180777802342728e-08,8.294295717384569e-10,2.3514289199276188e-08,1.4638044045193988e-08,4.8832525800583885e-11,6.027796726149951e-10
0.2,56.889,1.6364650694876959e-06,5.336198583090321e-07,3.982416099274237e-07,3.6975036102976254e-07,9.827366789392832e-06,1.8015168917840186e-07,1.2370879856720886e-08,1.3375429871969667e-07
0.25,48.101,1.222664641219375e-06,4.0350874890378395e-07,3.098343942892488e-07,2.66081277233462e-07,7.323417418026865e-06,1.4184514496169157e-07,7.910553634886644e-09,1.06054951485688e-07
0.5,30.979,1.6873391570429647e-06,3.500300216878597e-07,5.945949166380005e-07,2.3467099086953317e-07,1.0231300125529142e-05,2.9213159000085773e-07,1.2239103690427467e-08,9.640735088493126e-08
1,22.209,8.142596693944995e-07,1.769178554768505e-07,2.033909328960313e-07,1.2090812544506723e-07,5.072111782243161e-06,8.230064554549385e-08,1.517424935502047e-09,4.26709192193904e-08
2,17.789,2.2521192570014013e-07,1.4840157033618329e-08,1.6528466013594492e-08,1.0208455929921094e-08,1.5162430478369236e-06,1.515582588854675e-08,1.2352886371484375e-10,3.383998334661833e-09

obs_type,train_time,Avg mse,Avg mse dim 1,Avg mse dim 2,Avg mse dim 3,Avg mse dim 4,Avg mse dim 5,Avg mse dim 6,Avg mse dim 7
rff,100.662,8.971130241549156e-09,9.837588738771488e-10,2.2180777802342728e-08,8.294295717384569e-10,2.3514289199276188e-08,1.4638044045193988e-08,4.8832525800583885e-11,6.027796726149951e-10
quadratic,14.589,1.6699096731670192e-07,4.088072459673805e-08,6.2673687535778e-08,2.4386418859647748e-08,9.8620880535682e-07,4.781749207055559e-08,4.1829541849100565e-10,6.5513473788829245e-09
id,1.879,0.017587403665008192,0.005461197857071103,0.0023397618439567826,0.0031340593622351514,0.11043597140783444,0.0010828332456634848,4.8492189070116635e-05,0.0006095097492262794

opt,train_time,Avg mse,Avg mse dim 1,Avg mse dim 2,Avg mse dim 3,Avg mse dim 4,Avg mse dim 5,Avg mse dim 6,Avg mse dim 7
grid,100.21,8.971130241549156e-09,9.837588738771488e-10,2.2180777802342728e-08,8.294295717384569e-10,2.3514289199276188e-08,1.4638044045193988e-08,4.8832525800583885e-11,6.027796726149951e-10
monte-carlo,799.556,2.375597072635207e-08,4.599787954155803e-09,2.7002272234170927e-08,2.840945100732655e-09,1.1100900367144893e-07,1.9660719208351883e-08,9.498480147294822e-11,1.0840821141313279e-09

n_obs,train_time,Avg mse,Avg mse dim 1,Avg mse dim 2,Avg mse dim 3,Avg mse dim 4,Avg mse dim 5,Avg mse dim 6,Avg mse dim 7
5,35.419,0.0018865590180369713,0.000455735816336504,0.00020796934158203394,0.00022664088718971404,0.012176381987580497,9.143346339552074e-05,4.150599689467413e-06,4.360103048506056e-05
10,36.425,3.9738572832971024e-05,1.4774299342328803e-05,1.1499334335971722e-05,8.429769989621092e-06,0.00023582983264968833,5.8256691427255905e-06,1.3220424566147762e-07,1.6789001248001094e-06
25,39.288,1.1560593770458278e-06,3.761552881313656e-07,2.0341437177880378e-07,1.9483110778449004e-07,7.138269456583441e-06,1.0652438782589394e-07,3.4017857361129196e-09,6.981924148068836e-08
50,46.951,3.00297327533537e-08,6.0883636611538545e-09,2.9431168286224762e-08,3.563400978644322e-09,1.4859986976158468e-07,2.0877486225828812e-08,8.382552125918663e-11,1.5640148387802944e-09
100,65.846,1.805279539477166e-08,2.986099170569657e-09,2.5438894336387812e-08,1.8864483147086693e-09,7.547627440906472e-08,1.9755567258731037e-08,6.686503426692008e-11,7.594192396728069e-10
200,100.548,8.971130241549156e-09,9.837588738771488e-10,2.2180777802342728e-08,8.294295717384569e-10,2.3514289199276188e-08,1.4638044045193988e-08,4.8832525800583885e-11,6.027796726149951e-10
300,139.003,1.8980093669774156e-08,3.330028039495141e-09,2.6167463935659435e-08,1.984839064819724e-09,8.023453948466496e-08,2.0213562919349614e-08,7.790473069288262e-11,8.523175137373437e-10
400,180.693,2.4122067162334312e-08,4.44142993975641e-09,2.7812006036369093e-08,3.0010888436720717e-09,1.1216870211629731e-07,2.0338616444305095e-08,8.623688265032087e-11,1.0063898732898626e-09
500,228.004,1.8016255309049688e-08,3.5763586054037263e-09,2.4818982382417184e-08,2.087044892789845e-09,7.703800759946386e-08,1.768590886250685e-08,8.376231878778054e-11,8.237225019785597e-10
1000,515.236,2.448757362281549e-08,4.526675223538934e-09,2.643098517010087e-08,2.8771499676931064e-09,1.1637254893250802e-07,2.0204749397844428e-08,8.0172580151563e-11,9.20734087871535e-10

grid_param_slices,train_time,Avg mse,Avg mse dim 1,Avg mse dim 2,Avg mse dim 3,Avg mse dim 4,Avg mse dim 5,Avg mse dim 6,Avg mse dim 7
5,100.423,8.971130241549156e-09,9.837588738771488e-10,2.2180777802342728e-08,8.294295717384569e-10,2.3514289199276188e-08,1.4638044045193988e-08,4.8832525800583885e-11,6.027796726149951e-10
10,200.342,1.748936312750984e-08,3.0478745797979565e-09,2.413030561197546e-08,1.7980333255899798e-09,7.473488838466821e-08,1.7908845534009813e-08,7.875740827467317e-11,7.268370482527762e-10
25,499.55,1.905883448182969e-08,3.3164974784363927e-09,2.5030477686833817e-08,2.0424915438772514e-09,8.431420695460707e-08,1.7795809579636896e-08,9.063925401167381e-11,8.217188754047394e-10
50,999.467,3.728022411011456e-08,7.491906603236384e-09,3.583370357596336e-08,4.233147333270332e-09,1.838075945455161e-07,2.836286956699809e-08,1.2068856355305356e-10,1.1116585822646075e-09
100,1996.482,2.0068864330728367e-08,3.7300855252784825e-09,2.6269759034532913e-08,2.1794827508201885e-09,8.7041305529934e-08,2.0313821458190537e-08,8.963050190131595e-11,8.579655144411307e-10

n_splits,train_time,Avg mse,Avg mse dim 1,Avg mse dim 2,Avg mse dim 3,Avg mse dim 4,Avg mse dim 5,Avg mse dim 6,Avg mse dim 7
2,33.63,2.525901226311358e-08,4.381028914899168e-09,2.6282447740793896e-08,2.540159235253037e-09,1.2323800861038593e-07,1.949098151191246e-08,8.161453155888899e-11,7.988452969916751e-10
5,100.398,8.971130241549156e-09,9.837588738771488e-10,2.2180777802342728e-08,8.294295717384569e-10,2.3514289199276188e-08,1.4638044045193988e-08,4.8832525800583885e-11,6.027796726149951e-10
10,212.63,1.6339634214081905e-08,2.934285758226559e-09,2.502328009162331e-08,1.8096597422297454e-09,6.561630308169353e-08,1.820286917465731e-08,1.0142790724902083e-10,6.896137428938439e-10

rank,train_time,Avg mse,Avg mse dim 1,Avg mse dim 2,Avg mse dim 3,Avg mse dim 4,Avg mse dim 5,Avg mse dim 6,Avg mse dim 7
"(1, 200, 40)",100.273,8.971130241549156e-09,9.837588738771488e-10,2.2180777802342728e-08,8.294295717384569e-10,2.3514289199276188e-08,1.4638044045193988e-08,4.8832525800583885e-11,6.027796726149951e-10

