train_size,train_time,Avg mse,Avg mse dim 1,Avg mse dim 2
5,15.096,0.0013555211489450925,0.00030234155650205106,0.0024087007413881338
10,13.027,0.00017525303360104623,5.024486908636958e-05,0.0003002611981157229
25,28.242,6.106369703506788e-05,2.876390421102941e-05,9.336348985910634e-05
50,53.694,0.00021745466582459894,5.977270524503871e-05,0.0003751366264041592
75,78.713,6.0330746481886165e-05,2.813512996346248e-05,9.252636300030984e-05
100,104.864,4.922178781563856e-05,2.6181991196729084e-05,7.226158443454804e-05
125,130.891,6.400908489375261e-05,2.8664020466415796e-05,9.935414932108943e-05
150,156.788,4.994429003058262e-05,2.6273227196860416e-05,7.361535286430483e-05
175,182.885,0.00012993071550882593,4.363761299745284e-05,0.000216223818020199
200,210.617,0.00010837163637585252,3.886008556258514e-05,0.0001778831871891199

samp_period,train_time,Avg mse,Avg mse dim 1,Avg mse dim 2
0.01,1054.171,0.9303321472698048,0.17735449528270245,1.6833097992569073
0.025,395.171,1.1528519609303536,0.07573685492715801,2.2299670669335496
0.05,194.51,0.8869446596447998,0.07689912748179428,1.6969901918078056
0.1,104.983,4.922178781563856e-05,2.6181991196729084e-05,7.226158443454804e-05
0.2,62.201,0.6082878256667918,0.1160927125134786,1.1004829388201052
0.25,53.466,0.3821734957170288,0.07756798061629336,0.6867790108177643
0.5,36.803,0.4508525875223838,0.08492311768283785,0.8167820573619297
1,27.975,0.3965255962076498,0.07816353231502894,0.7148876601002707
2,23.86,0.5536681485481308,0.09614637098047527,1.0111899261157864

obs_type,train_time,Avg mse,Avg mse dim 1,Avg mse dim 2
rff,104.863,4.922178781563856e-05,2.6181991196729084e-05,7.226158443454804e-05
quadratic,11.631,0.010765111148669822,0.0021582516757711755,0.01937197062156847
id,6.9,0.01656476575692041,0.003337952074633237,0.029791579439207586

opt,train_time,Avg mse,Avg mse dim 1,Avg mse dim 2
grid,104.911,4.922178781563856e-05,2.6181991196729084e-05,7.226158443454804e-05
monte-carlo,799.3,8.560393089771391e-05,3.385479499476001e-05,0.00013735306680066783

n_obs,train_time,Avg mse,Avg mse dim 1,Avg mse dim 2
5,41.407,0.021092561645958283,0.004223179334912743,0.03796194395700382
10,42.189,9.543289538716935e-05,3.670591742581505e-05,0.00015415987334852367
25,45.392,8.501870731518815e-05,3.330926727058409e-05,0.0001367281473597922
50,52.137,9.42979789615452e-05,3.5518924151212805e-05,0.0001530770337718776
100,71.244,0.00011289088565602774,3.9404246065649414e-05,0.00018637752524640607
200,104.645,4.922178781563856e-05,2.6181991196729084e-05,7.226158443454804e-05
300,142.207,9.083424293292373e-05,3.455915973617747e-05,0.00014710932612966999
400,183.395,9.994776779185102e-05,3.609773605696574e-05,0.0001637977995267363
500,229.812,0.00018974053055214669,5.410552029055387e-05,0.00032537554081373953
1000,507.728,0.00010950796161002793,3.9365546178581705e-05,0.00017965037704147414

grid_param_slices,train_time,Avg mse,Avg mse dim 1,Avg mse dim 2
5,104.884,4.922178781563856e-05,2.6181991196729084e-05,7.226158443454804e-05
10,204.014,0.00011972239150325465,4.033140299008601e-05,0.0001991133800164233
25,501.875,0.00012053980256807098,4.1397945818262784e-05,0.00019968165931787916
50,998.195,5.473946661228303e-05,2.713291905498017e-05,8.234601416958589e-05
100,1991.973,4.5777736761766456e-05,2.5686346742352564e-05,6.586912678118035e-05

n_splits,train_time,Avg mse,Avg mse dim 1,Avg mse dim 2
2,39.495,6.630135205798212e-05,2.922172176616851e-05,0.00010338098234979572
5,104.815,4.922178781563856e-05,2.6181991196729084e-05,7.226158443454804e-05
10,214.442,6.510543827123036e-05,2.9951607639160043e-05,0.0001002592689033007

rank,train_time,Avg mse,Avg mse dim 1,Avg mse dim 2
"(1, 200, 40)",104.745,4.922178781563856e-05,2.6181991196729084e-05,7.226158443454804e-05

