train_size,train_time,Avg mse,Avg mse dim 1,Avg mse dim 2,Avg mse dim 3
5,7.056,0.03342132624397692,0.052559203646515805,0.027516036606779436,0.0201887384786355
10,12.049,0.007704063592493898,0.01221616568999688,0.006327878547157239,0.004568146540327576
25,26.233,0.000351359316777297,0.0005676601592967117,0.0002828398025386875,0.00020357798849649172
50,50.176,2.22568806408104e-05,3.5641245710663336e-05,1.8051694357593586e-05,1.3077701854174278e-05
75,73.74,3.8060993764330826e-06,6.07077319007227e-06,3.3741203392429784e-06,1.9734045999839968e-06
100,98.027,4.9043965930942526e-06,7.714021606105198e-06,4.427193638706646e-06,2.571974534470915e-06
125,122.774,6.508148605943383e-05,0.00010248279774490792,9.178113630501748e-05,9.805241283760573e-07
150,146.776,6.320826135416899e-07,9.797244986582046e-07,6.996209319934861e-07,2.169024099733793e-07
175,171.893,5.159337993963511e-06,8.23263716905296e-06,4.414942772743151e-06,2.830434040094422e-06
200,197.62,4.018814217821106e-06,6.2838877108731705e-06,3.659328535444296e-06,2.113226407145848e-06

samp_period,train_time,Avg mse,Avg mse dim 1,Avg mse dim 2,Avg mse dim 3
0.01,1041.892,12.350162243706427,12.075903665504141,9.300282664104625,15.674300401510516
0.025,387.08,9.241800943947156,4.752790022210098,8.235168027335012,14.737444782296361
0.05,186.34,7.555345163616443e-05,0.00012329770853674782,5.93924222334196e-05,4.397022413832588e-05
0.1,98.024,4.9043965930942526e-06,7.714021606105198e-06,4.427193638706646e-06,2.571974534470915e-06
0.2,55.694,0.00034965842518813045,0.0005521017908034999,0.0002897394771119719,0.00020713400764891957
0.25,47.161,0.000318086653952702,0.000502549219236901,0.000263334150927113,0.00018837659169409205
0.5,30.368,0.00020405421228095156,0.0003230964010216156,0.0001683601330150058,0.00012070610280623327
1,21.65,0.00013598467921923136,0.00021676880061531812,0.00011054562140296262,8.06396156394133e-05
2,17.365,0.05294529478686465,0.09086784073069135,0.04191610149540635,0.026051942134496252

obs_type,train_time,Avg mse,Avg mse dim 1,Avg mse dim 2,Avg mse dim 3
rff,98.111,4.9043965930942526e-06,7.714021606105198e-06,4.427193638706646e-06,2.571974534470915e-06
quadratic,37.568,-1,7.714021606105198e-06,4.427193638706646e-06,2.571974534470915e-06
id,1.796,1.7084490723286827,2.910477177724501,1.4700100816578254,0.744859957603721

opt,train_time,Avg mse,Avg mse dim 1,Avg mse dim 2,Avg mse dim 3
grid,98.43,4.9043965930942526e-06,7.714021606105198e-06,4.427193638706646e-06,2.571974534470915e-06
monte-carlo,780.286,6.635115798059253e-07,1.0642454189306147e-06,6.594803587564193e-07,2.668089617307422e-07

n_obs,train_time,Avg mse,Avg mse dim 1,Avg mse dim 2,Avg mse dim 3
5,34.953,0.6823347752622766,1.1105390195233023,0.5173375878282856,0.4191277184352418
10,35.688,0.07238125849790443,0.11756946180719935,0.07282104019262,0.026753273493893972
25,38.985,0.023373726311009042,0.0370644601756073,0.019075263840142687,0.013981454917277168
50,45.76,1.464605101815564,2.3690035330274566,2.0072332052709263,0.01757856714830871
100,64.699,0.000164861030374607,0.0002606221893209851,0.00013551641831330535,9.844448348953059e-05
200,98.143,4.9043965930942526e-06,7.714021606105198e-06,4.427193638706646e-06,2.571974534470915e-06
300,136.204,1.402771248109331e-06,2.2009217613559428e-06,1.345732048346629e-06,6.616599346254213e-07
400,177.017,1.152649551410454e-06,1.7972996326227791e-06,1.1449290427378662e-06,5.157199788707169e-07
500,222.481,1.4421597199573302e-06,2.2943283039994295e-06,1.3388455831720615e-06,6.933052727004999e-07
1000,498.139,1.5494760348256052e-06,2.4252430191058804e-06,1.479340403550499e-06,7.438446818204355e-07

grid_param_slices,train_time,Avg mse,Avg mse dim 1,Avg mse dim 2,Avg mse dim 3
5,97.963,4.9043965930942526e-06,7.714021606105198e-06,4.427193638706646e-06,2.571974534470915e-06
10,196.062,8.90091614787074e-07,1.3970730148313341e-06,8.870341580097717e-07,3.8616767152011586e-07
25,489.523,1.1975895081206336e-06,1.9225727765682646e-06,1.0869269026831023e-06,5.832688451105339e-07
50,977.401,1.8804226222410234e-06,2.9414655938729498e-06,1.757321708924986e-06,9.424805639251339e-07
100,1965.168,5.59450428540428e-06,8.920856589796328e-06,4.79340335213318e-06,3.0692529142833347e-06

n_splits,train_time,Avg mse,Avg mse dim 1,Avg mse dim 2,Avg mse dim 3
2,33.215,0.0019403862480608892,0.003292811068806212,0.0024192869468792223,0.00010906072849723342
5,98.362,4.9043965930942526e-06,7.714021606105198e-06,4.427193638706646e-06,2.571974534470915e-06
10,208.676,4.58209332350032e-06,7.213612197377048e-06,4.024361024631289e-06,2.5083067484926192e-06

rank,train_time,Avg mse,Avg mse dim 1,Avg mse dim 2,Avg mse dim 3
"(1, 200, 40)",98.286,4.9043965930942526e-06,7.714021606105198e-06,4.427193638706646e-06,2.571974534470915e-06

