train_size,train_time,Avg mse,Avg mse dim 1,Avg mse dim 2,Avg mse dim 3
5,7.04,0.02781737184468812,0.041450059148569925,4.795488402633061e-06,0.041997260897091805
10,12.574,0.020085911046684474,0.029955843818693886,3.53835217737771e-06,0.030298350969182153
25,26.945,0.7424755095676506,0.6020575017023965,1.2822746301006014,0.34309439689995386
50,50.863,2.5410582321080504e-07,3.7819513939835026e-07,5.0505663264263396e-11,3.840718245708006e-07
75,74.998,1.5939653612533442e-08,2.349718270601104e-08,2.1925624534133537e-11,2.4299852507055153e-08
100,99.586,4.697294856581288e-08,6.965062231067832e-08,2.9149684448812855e-11,7.12390737023115e-08
125,124.57,4.264676765341494e-08,6.31981465840855e-08,2.711811168126093e-11,6.471503826447806e-08
150,149.414,6.923692205867005e-08,1.0258848147827877e-07,3.3860979167531296e-11,1.0508842371856384e-07
175,174.022,1.3061045627423378e-08,1.9335293531709767e-08,1.9053173864497148e-11,1.982879017669587e-08
200,200.977,3.25326842395829e-08,4.8122749066421786e-08,3.1637695383615724e-11,4.944366595694332e-08

samp_period,train_time,Avg mse,Avg mse dim 1,Avg mse dim 2,Avg mse dim 3
0.01,1042.376,5.327499309443548e-08,7.871304521870939e-08,2.6348644200643845e-10,8.084844762259061e-08
0.025,385.921,7.248128286013032e-08,1.0684441525637477e-07,4.32471933966145e-10,1.1016696139005004e-07
0.05,187.371,5.03380280871926e-08,7.43016187207825e-08,1.6901864080882094e-10,7.654344689998647e-08
0.1,99.518,4.697294856581288e-08,6.965062231067832e-08,2.9149684448812855e-11,7.12390737023115e-08
0.2,57.283,1.2876178619944555e-06,1.651870071028449e-06,7.024515534060837e-11,2.210913269799577e-06
0.25,48.949,6.987741967302353e-07,8.860389953620809e-07,4.4944648938471906e-11,1.2102386501796865e-06
0.5,32.291,0.015295590477083867,0.02303023551238373,2.6461343354604222e-06,0.022853889784532417
1,23.459,0.014245546545190805,0.02160389283696629,2.361311396414538e-06,0.021130385487209708
2,19.37,0.012475087945104305,0.018985285062736907,1.907414520219804e-06,0.01843807135805579

obs_type,train_time,Avg mse,Avg mse dim 1,Avg mse dim 2,Avg mse dim 3
rff,99.625,4.697294856581288e-08,6.965062231067832e-08,2.9149684448812855e-11,7.12390737023115e-08
quadratic,10.112,0.016533073061640265,0.02515304955212701,3.0038002840283884e-06,0.024443165832509755
id,4.317,0.000820140732736132,0.0012271929758801738,1.3040482394805073e-07,0.0012330988175042743

opt,train_time,Avg mse,Avg mse dim 1,Avg mse dim 2,Avg mse dim 3
grid,99.51,4.697294856581288e-08,6.965062231067832e-08,2.9149684448812855e-11,7.12390737023115e-08
monte-carlo,775.516,7.625494680545813e-08,1.1300834015113795e-07,4.023840612472728e-11,1.1571626185911174e-07

n_obs,train_time,Avg mse,Avg mse dim 1,Avg mse dim 2,Avg mse dim 3
5,37.483,3.81124227168559e-05,5.668238146183424e-05,6.948742398011204e-09,5.764793794633547e-05
10,38.188,3.2003125087520926e-05,4.75527846685301e-05,4.677263574848014e-09,4.8451913330457834e-05
25,41.475,7.444423221575673e-08,1.1072658708134098e-07,2.6204782881512102e-11,1.1257990478304771e-07
50,48.009,3.304871532265218e-08,4.9117025423618905e-08,1.4593542346161015e-11,5.00145270019915e-08
100,66.73,5.088549274725232e-08,7.554667819113851e-08,2.1924352063659234e-11,7.708787569855479e-08
200,99.575,4.697294856581288e-08,6.965062231067832e-08,2.9149684448812855e-11,7.12390737023115e-08
300,136.137,4.226165511416983e-08,6.277511025962378e-08,2.591098201805428e-11,6.398394410086766e-08
400,176.972,4.642231583871062e-08,6.89128796914106e-08,2.0930982299202282e-11,7.033313684242206e-08
500,221.69,5.152216824648359e-08,7.642605467934309e-08,2.400010263185192e-11,7.811644995747584e-08
1000,494.513,6.820219029838417e-08,1.0108229762210982e-07,2.731493234591445e-11,1.0349695834069682e-07

grid_param_slices,train_time,Avg mse,Avg mse dim 1,Avg mse dim 2,Avg mse dim 3
5,99.467,4.697294856581288e-08,6.965062231067832e-08,2.9149684448812855e-11,7.12390737023115e-08
10,195.795,5.930734345724606e-08,8.791821945036263e-08,3.0893234351029966e-11,8.997291768702453e-08
25,486.278,4.284682582667917e-08,6.36209469992469e-08,1.7622875087176796e-11,6.490190760570343e-08
50,968.415,4.31387952339131e-08,6.394538312978737e-08,2.0457074355262626e-11,6.545054549759666e-08
100,1933.815,2.5659473945772362e-08,3.807013724419514e-08,1.6262895032642584e-11,3.88920216980893e-08

n_splits,train_time,Avg mse,Avg mse dim 1,Avg mse dim 2,Avg mse dim 3
2,35.415,1.6995699531269555e-08,2.5250409940076697e-08,1.493340268856017e-11,2.5721755251043408e-08
5,99.375,4.697294856581288e-08,6.965062231067832e-08,2.9149684448812855e-11,7.12390737023115e-08
10,208.16,3.128710502503806e-08,4.642682742159215e-08,3.0367763789103436e-11,4.740411988973291e-08

rank,train_time,Avg mse,Avg mse dim 1,Avg mse dim 2,Avg mse dim 3
"(1, 200, 40)",99.748,4.697294856581288e-08,6.965062231067832e-08,2.9149684448812855e-11,7.12390737023115e-08

