train_size,train_time,Avg mse,Avg mse dim 1,Avg mse dim 2,Avg mse dim 3,Avg mse dim 4
5,7.492,2.9948754212066976e-06,7.326498197655894e-07,2.4912988377447576e-06,2.4880205021915863e-06,6.267532525124856e-06
10,12.551,1.399955179592411e-06,6.182129006396887e-07,8.427947610428944e-07,1.6079115167852975e-06,2.5309015399017635e-06
25,26.912,8.83907999323921e-07,2.5247649144645674e-07,6.446225646783395e-07,6.548121134717089e-07,1.983720827699179e-06
50,51.101,3.910538598655834e-06,1.5097450639249295e-06,2.7234436897760385e-06,4.04617839038535e-06,7.362787250537015e-06
75,74.925,1.1053102356424758e-06,5.421289706239943e-07,6.590840109993395e-07,1.4729366570284845e-06,1.7470913039180855e-06
100,99.686,1.126679093493512e-06,5.51927875886807e-07,6.724381843472399e-07,1.5002037523670333e-06,1.7821465613729677e-06
125,124.266,4.636440077033783e-06,1.2281513306236388e-06,3.6164044581480623e-06,4.6074183069321244e-06,9.093786212431305e-06
150,148.858,1.7154641912103828e-06,4.593142872652766e-07,1.3030298655510833e-06,1.4136351370566614e-06,3.6858774749685106e-06
175,173.734,5.376152014197393e-07,3.726220136024886e-07,2.5256200526710284e-07,6.766557532468146e-07,8.486210335625511e-07
200,199.783,6.042785333230903e-07,3.5792453462475615e-07,3.219532751286264e-07,7.93419414189703e-07,9.438169093492752e-07

samp_period,train_time,Avg mse,Avg mse dim 1,Avg mse dim 2,Avg mse dim 3,Avg mse dim 4
0.01,1051.022,1.0747204780677566e-05,1.1705056561711007e-05,1.6654462796634744e-06,2.1055325176370904e-05,8.562991104964873e-06
0.025,388.961,9.402210507807558,14.538657291649965,0.024484742367827498,22.970087697248374,0.0756122999640696
0.05,188.408,0.038779506764131666,0.03922883286879786,0.01668947062246252,0.057469796575109935,0.04172992699015635
0.1,99.716,1.126679093493512e-06,5.51927875886807e-07,6.724381843472399e-07,1.5002037523670333e-06,1.7821465613729677e-06
0.2,56.815,5.613924577628288e-07,2.633356972582502e-07,3.572808462458168e-07,5.941029901010762e-07,1.0308502974461718e-06
0.25,49.288,10.566869329101282,19.148468636685894,0.02151968751924129,23.02706101614236,0.07042797605763211
0.5,30.898,4.525873789538874e-10,1.73320313352124e-10,3.0629826090302307e-10,6.518207720009936e-10,6.789101695594091e-10
1,22.154,6.096730506060301e-09,3.8434816943242206e-09,4.285130023415615e-10,1.712276299483598e-08,2.9921643327394425e-09
2,17.484,15.271972975342594,37.43482376174716,0.005974195106561677,23.618156685868385,0.028937258648266274

obs_type,train_time,Avg mse,Avg mse dim 1,Avg mse dim 2,Avg mse dim 3,Avg mse dim 4
rff,99.566,1.126679093493512e-06,5.51927875886807e-07,6.724381843472399e-07,1.5002037523670333e-06,1.7821465613729677e-06
quadratic,9.067,16.309071478612122,42.25987738636904,0.023485601292834703,22.881545625511084,0.07137730127551714
id,1.976,18.6872777642352,50.22728031299752,0.023288041211451137,24.423601163691128,0.07494153904070394

opt,train_time,Avg mse,Avg mse dim 1,Avg mse dim 2,Avg mse dim 3,Avg mse dim 4
grid,99.824,1.126679093493512e-06,5.51927875886807e-07,6.724381843472399e-07,1.5002037523670333e-06,1.7821465613729677e-06
monte-carlo,794.835,4.4977895497158365e-07,1.9672268206871933e-07,3.150423936244916e-07,5.14056425626922e-07,7.732943185662016e-07

n_obs,train_time,Avg mse,Avg mse dim 1,Avg mse dim 2,Avg mse dim 3,Avg mse dim 4
5,35.249,0.02428288505660086,0.01261292476922061,0.015298560326344355,0.020612597718993503,0.048607457411844975
10,36.197,9.623230917655947,15.534226790118245,0.023176409268972954,22.862695296637042,0.07282517459953156
25,39.518,0.01748031602011761,0.007682598756268084,0.023684178361186296,0.010281631165968322,0.028272855797047754
50,46.357,1.6329470111199699e+121,2.838806307382215e+119,1.2878165338632648e+119,3.475408121129732e+115,6.4905183406593045e+121
100,65.629,0.33266535918400175,0.09205133653854289,0.13485241140469684,0.5813875642859524,0.5223701245068147
200,100.168,1.126679093493512e-06,5.51927875886807e-07,6.724381843472399e-07,1.5002037523670333e-06,1.7821465613729677e-06
300,136.632,3.179196684459729e-06,9.844352204137488e-07,2.23512173576879e-06,2.9110189269288775e-06,6.586210854727499e-06
400,179.407,6.944015209307436e-07,4.4180039215760307e-07,3.707866690949016e-07,9.417473179137509e-07,1.023271704556719e-06
500,225.368,3.082928119586245e-07,2.9488934190428995e-07,6.454473697597616e-08,5.729779564135211e-07,3.0075921254071084e-07
1000,509.733,4.222972264111019e-06,1.6630794673998992e-06,3.1586190098960198e-06,3.3042562345272824e-06,8.765934344620875e-06

grid_param_slices,train_time,Avg mse,Avg mse dim 1,Avg mse dim 2,Avg mse dim 3,Avg mse dim 4
5,99.333,1.126679093493512e-06,5.51927875886807e-07,6.724381843472399e-07,1.5002037523670333e-06,1.7821465613729677e-06
10,197.711,9.258257702674845e-07,1.5583797031061817e-07,6.788688800765589e-07,5.471762367712107e-07,2.32141999391155e-06
25,492.922,7.179475609273081e-07,2.1463696868548535e-07,4.7656891961524644e-07,5.199647343249916e-07,1.6606196210835091e-06
50,989.315,1.425709085491387e-06,4.555744826083769e-07,9.974065447536512e-07,1.2328040496483847e-06,3.0170512649551344e-06
100,1980.419,4.004660910073934e-07,2.6422910681572493e-07,2.0102219845976447e-07,5.391621748530726e-07,5.974508839010117e-07

n_splits,train_time,Avg mse,Avg mse dim 1,Avg mse dim 2,Avg mse dim 3,Avg mse dim 4
2,33.693,8.317713491199902e-07,3.245777663918668e-07,6.164524007771652e-07,8.300194977434474e-07,1.5560357315674815e-06
5,99.344,1.126679093493512e-06,5.51927875886807e-07,6.724381843472399e-07,1.5002037523670333e-06,1.7821465613729677e-06
10,211.239,3.5561367172076106e-06,9.808931371951098e-07,2.680093669084179e-06,3.400239242383111e-06,7.163320820168043e-06

rank,train_time,Avg mse,Avg mse dim 1,Avg mse dim 2,Avg mse dim 3,Avg mse dim 4
"(1, 200, 40)",99.564,1.126679093493512e-06,5.51927875886807e-07,6.724381843472399e-07,1.5002037523670333e-06,1.7821465613729677e-06

